classLast,16,4,space
8.02761 -16.6768 5.62349 -5.81672 0.960752 -6.75343 5.08895 0.518987 -13.0518 -6.925 -5.1788 7.57618 2.31305 -0.187102 9.40268 -14.0417 0
4.28777 2.06492 2.02962 -5.58851 -6.5717 -7.40261 -4.56187 1.60335 -0.549057 -4.92873 -0.825753 -2.34134 5.97811 8.52501 4.49432 2.44763 0
5.06436 -5.52105 8.09272 -4.15319 -1.64094 -13.6587 -10.4982 -2.5446 -5.46767 3.78148 16.3122 4.81823 1.12596 8.93712 7.53414 -9.0123 0
9.476 12.0658 5.11935 -5.00552 1.79235 -5.62087 5.93014 -0.0515075 -14.188 4.48415 6.74877 6.5079 7.7886 20.7749 5.95353 -10.1066 0
2.75994 10.8536 4.37678 -2.22206 -6.66693 -11.4397 1.46494 -5.8004 -19.7467 -2.391 4.052 7.32171 5.29555 3.39816 9.2388 -9.18452 0
3.86918 9.45593 11.8187 -3.51737 0.0762999 -13.655 13.3594 -4.08784 -26.4964 -5.02363 4.62253 17.0988 8.2658 9.25588 13.1795 -3.43972 0
4.80562 5.92629 7.85906 -7.77205 -5.23142 -6.0855 5.8494 0.13326 -2.92122 -7.06823 -1.54175 17.2284 -7.21569 5.68012 11.59 -9.34467 0
5.74506 2.83476 10.0048 -9.06747 -4.12446 -10.841 6.9786 -6.92979 -7.87062 0.727116 0.121284 6.3933 14.8385 18.6098 7.1004 -19.242 0
7.26155 -6.2838 5.02085 -19.9299 1.11861 -6.77488 2.09607 -5.01543 -15.3756 -6.90303 -6.24176 7.72152 9.72909 14.0887 7.66935 -22.3697 0
5.69264 -2.25262 6.05614 -3.09428 -3.02478 -6.8633 2.40852 5.59637 -15.6285 -2.22892 -1.89614 8.93402 8.55254 -5.76688 10.2125 4.20356 0
5.3275 -13.5664 2.13074 -14.6565 -0.951493 -8.2042 -3.60118 0.0269675 -3.17075 -8.17511 -1.6328 1.40376 10.762 29.9013 10.3452 -6.17478 0
17.1726 -6.77749 -5.63663 7.93975 -7.717 2.49092 -1.35616 5.5251 -5.88082 1.60551 -2.70753 0.768128 -2.18889 9.72995 -10.5615 1.56476 1
4.5379 12.2442 -11.7264 5.78799 -3.69293 9.22292 -6.26006 12.7585 -8.40893 -11.4636 -8.84302 -4.6364 2.93451 4.86926 -10.0053 8.27386 1
-5.77425 -0.208146 -4.38561 5.74018 -4.32795 5.82174 -7.38497 4.0522 -7.79063 13.5761 5.49444 7.90342 -8.76768 1.77944 -9.92095 18.1854 1
10.3295 1.12697 -22.4862 8.14724 -6.44103 -0.0286921 -9.92662 8.24351 -9.72275 -5.05598 -10.2813 -3.14309 -10.1034 13.4612 -13.1628 12.5164 1
1.69924 -0.85456 -8.86003 3.56725 -8.1981 2.0414 -9.02769 10.4252 -4.08988 -0.932396 9.81393 11.5326 -10.7403 0.71471 -11.2048 11.3422 1
1.39254 2.55657 -0.781203 8.10208 -7.22732 3.25146 -2.42014 7.9092 -4.83367 4.95514 -8.1696 9.52181 2.01627 5.90068 -9.41265 12.5809 1
15.3485 -10.6216 -12.2038 4.00544 -3.55082 3.40124 -8.90033 6.97097 -4.74074 5.03339 -0.3267 4.85964 -11.8169 3.92256 -10.7804 5.5208 1
6.07401 -8.61344 -5.44962 8.72517 -5.46178 -1.15591 -9.75175 12.6544 -5.66559 5.24811 -7.0717 4.92976 -17.7579 6.39416 -11.0106 7.88626 1
2.07954 -6.33645 -10.8135 3.33325 -6.07384 6.95757 -15.7141 -2.73876 -4.37917 4.51376 -5.35224 0.169315 -14.6349 1.33352 -5.73262 13.192 1
14.9118 -12.1257 -6.68874 7.17704 -8.95819 1.3733 -0.564117 6.83102 -3.6288 2.3311 4.79449 -3.81775 -5.72449 7.45431 -5.24341 11.2955 1
6.29481 -11.086 -15.7827 6.0933 -2.30117 4.2148 -6.72292 10.6922 -5.72426 1.6947 -7.82359 2.50954 -9.94077 -2.11339 -8.32118 22.854 1
10.4822 -1.94747 -5.83906 0.825288 -4.20563 0.715513 -4.63459 3.59164 -5.55715 6.12953 -15.7431 5.23186 -2.47816 0.947787 -4.29777 7.85918 1
-8.59686 -8.40145 -7.097 7.93285 -2.79475 -0.311281 -11.0941 4.37461 -6.8105 -7.5142 -10.308 -2.39187 -8.69537 4.17112 -11.5496 5.27337 1
13.3093 -6.29254 -6.30932 5.74144 -6.14946 2.47759 -4.69788 14.493 -8.56616 3.25289 0.623764 4.02659 -3.24069 5.47871 -10.6109 7.82849 1
4.78707 -16.8945 -25.1278 8.59958 -5.82797 -0.276247 -16.0851 7.3326 -9.69002 2.61895 -6.2138 -5.32058 -10.8786 1.64775 -6.80276 15.5253 1
-0.64593 -2.53906 -14.1537 4.04183 -4.83795 5.71374 4.83163 17.1673 -5.53607 3.04914 -3.00369 5.19314 -4.61624 3.69529 -9.64833 3.68 1
-0.952693 -7.07896 -7.16492 3.32205 -5.06114 3.27647 -6.43204 12.596 -4.33886 7.12525 5.67723 4.62297 -12.2833 0.431008 -12.552 6.8679 1
8.08752 -4.46196 -17.0117 7.95477 -6.60995 -1.66757 4.93872 6.55378 -9.37674 4.46597 -2.38275 0.417972 -10.2431 0.868505 -12.0534 -1.76464 1
7.651 -1.44668 -11.9725 6.66153 -1.58111 2.77928 -10.6978 0.708362 -10.4513 -4.21558 -0.347613 -4.2471 -3.09497 -0.532717 -16.6815 0.998599 1
10.2102 -4.71896 -1.97663 5.24464 -4.49823 0.142812 2.81029 13.2272 -7.03551 -0.756044 -5.23416 -0.643853 -15.1735 1.65674 -6.72751 5.84421 1
1.32152 -9.27072 -3.70374 1.34707 -6.60306 1.34517 -12.1677 -2.42313 -4.02522 -12.6723 -2.84839 7.36323 -7.43384 1.27549 -5.07173 10.6267 1
8.73787 -1.29177 -15.6126 4.41019 -2.47542 -1.44653 -9.17157 11.1967 -8.35408 5.20157 10.3484 7.87131 -6.36848 4.07276 -11.0053 1.62914 1
-1.28633 5.75167 -5.89377 6.99695 -4.30712 0.572313 3.15269 4.9075 -9.00805 0.75192 -1.20404 5.20144 -3.33539 3.34161 -5.1809 4.62309 1
-8.73809 -8.32325 -2.72032 6.80171 -7.74269 2.87291 -17.5382 7.1265 -7.64486 -1.74836 6.74458 -0.894014 -11.1971 5.47895 -13.0494 13.6913 1
8.04615 -13.4906 -13.0857 5.9364 -5.5292 -1.31763 1.77746 15.2695 -6.14264 -5.27511 2.77854 -2.67007 1.2286 6.8929 -12.7077 15.4733 1
-1.55605 -7.08476 -5.66587 4.67924 -5.2374 1.63247 0.942586 5.91783 -8.10888 -10.0444 -14.3493 -0.973251 -0.260691 -0.401398 -8.36444 5.00992 1
4.46237 -8.42029 -1.6516 4.99665 -7.89319 -1.2199 9.92522 4.2583 -5.08683 -2.99564 8.34706 4.28739 -4.03442 4.97427 -10.0643 0.832405 1
5.00547 6.8666 -16.4096 8.10743 -6.09906 -3.21783 1.35691 -1.95714 -2.20248 5.35681 -8.3502 11.4606 -12.3507 3.09892 -1.79178 6.27608 1
0.703473 -3.1647 -6.63007 7.66905 -6.2308 -1.74077 -6.62942 9.1511 -3.45035 -1.02103 6.63212 -9.74963 -8.2646 8.10443 -6.45007 -6.90178 1
6.29409 -2.48777 2.23696 9.48161 -5.85484 2.73853 -3.37505 15.6481 -6.74803 -5.55776 -4.08335 0.684849 -16.5939 3.63941 -10.3741 1.56862 1
8.32685 1.78822 -12.8291 4.10281 -10.9973 7.18398 -15.7905 4.84365 -9.11043 -2.81153 -5.2459 0.438285 -9.8925 -1.83817 -5.05937 6.48293 1
-5.63049 -8.96173 -31.4916 3.61201 -8.24729 -0.233974 0.962899 4.55872 -3.84616 8.44978 0.520091 8.01882 -11.0566 4.45018 -10.8626 5.01303 1
9.56249 -6.42266 -18.5263 4.98292 -8.30539 0.93106 11.2199 12.1658 -6.6293 4.91764 4.31319 9.70629 -11.5502 -0.202588 -14.106 5.69603 1
5.16592 -6.8076 -13.2359 8.34014 -4.13596 -1.18652 2.10494 5.96025 -7.92949 -1.96102 10.7559 8.08761 -10.2313 3.40356 -16.1621 -1.52771 1
0.146081 -11.5487 -26.4719 9.20434 -9.66903 3.34879 -10.7934 4.80436 -8.49411 5.03035 -5.54451 -3.39145 -17.1002 2.88102 -2.58505 13.7408 1
-2.57701 -1.51658 -8.84522 5.1096 -9.00267 1.65853 -0.285294 0.080449 -4.39885 4.74084 0.247572 3.03537 -14.3154 0.345094 -13.2107 10.0727 1
-0.218922 -6.31957 -1.43894 6.83661 -3.11355 5.72887 -11.4838 6.35803 -8.78431 -7.83019 -12.691 -5.63814 -12.7056 3.71773 -11.4089 8.03906 1
5.79579 -6.58448 -8.73608 4.05044 -6.9499 0.0513301 -12.1374 -2.08112 -7.57862 -6.40264 -7.55894 12.0582 -5.10657 5.43404 -10.8479 -3.01212 1
8.42125 -12.5167 -19.5003 0.807103 -7.66179 -0.734764 -4.43296 4.6355 -4.87065 8.33543 -3.75974 2.24264 -9.04723 3.39886 -12.8489 6.85183 1
0.690375 -4.39946 -15.4754 9.54592 -6.48718 3.36474 -3.54183 8.41505 -9.5156 -2.66365 -8.05638 5.34801 -10.0651 3.00522 -9.12714 11.3424 1
1.82388 -1.70382 3.90246 6.50453 -4.5658 1.27235 -10.8258 9.29932 -7.66755 -4.97507 -8.64862 3.98474 -15.3099 0.480598 -14.9708 -8.65112 1
9.09208 -9.28133 1.3885 6.26109 -8.59823 5.47088 -2.39249 2.8798 -5.15453 2.20086 -0.286235 5.01991 -13.6443 4.50045 -0.524481 12.8957 1
-1.92924 4.48834 -13.2753 3.86399 -5.87056 3.19281 0.778283 4.66271 -9.00189 -2.49836 -6.73084 0.377777 -15.639 5.23894 -15.7935 7.2389 1
-10.5573 -3.73564 -19.2214 4.78123 -5.59115 4.67633 -3.42774 17.587 -4.04518 2.36492 -4.44306 3.35049 -15.0628 5.68454 -11.0841 2.51251 1
3.41473 4.22575 -13.8651 11.8414 -4.60768 -0.961042 -9.02888 10.7545 -4.87957 7.68839 -7.6685 -2.64223 -9.68877 2.23214 -12.1652 11.6422 1
-0.420121 2.20488 -6.49433 7.46213 -1.33201 2.05565 -7.58294 8.26993 -4.33722 7.43801 -6.1238 -4.55349 -7.98161 4.87042 -1.18745 -2.07463 1
2.52298 0.548761 -15.4893 7.31926 -9.61032 0.949129 1.5016 -2.08304 -9.65276 3.19758 1.044 -2.92179 -5.46489 7.41092 -5.12185 0.354802 1
12.7826 0.194906 -5.19341 5.26234 -8.94732 1.97853 -3.28088 2.51142 -6.79072 9.15862 -5.55354 3.618 -0.269202 4.16604 -13.9507 -2.40253 1
1.91137 -4.24949 -17.4165 2.48984 -8.16453 1.23125 1.0885 -2.64855 -4.34881 -5.10687 4.6949 1.4537 -15.1176 5.51327 -8.54866 9.04936 1
1.51086 -1.96994 -16.1867 3.97789 -5.91549 -1.90919 -3.90526 -2.90942 -9.26998 -0.040101 10.1271 1.13668 -5.58494 6.95329 -6.34624 -2.95267 1
-2.74244 7.61519 -0.612094 -7.13392 3.73292 -3.67137 -9.11933 -9.26739 -9.40568 -19.9827 6.28809 8.78202 7.3461 -21.26 -3.91881 -11.3327 2
-3.97542 6.18163 -0.458449 -2.27163 -0.323085 3.54274 -1.41229 2.58529 -0.438669 -8.70954 5.76494 -4.83691 7.81194 -2.29058 0.85923 3.21016 2
-5.8828 3.26275 4.63509 0.210172 -1.13621 -1.61063 -1.69093 -17.5517 -7.52596 -12.9827 -13.1612 -9.99193 4.13999 -15.0959 -3.7688 -15.7065 2
-3.82843 3.2252 1.08194 4.21276 6.95686 -9.66459 9.69964 -14.5601 -8.31871 -10.8801 0.996017 -10.5604 12.5099 2.5831 -3.27683 -4.49726 2
-4.87152 1.53304 2.37114 0.181465 5.4225 -27.3431 -8.0979 -4.72275 -3.41643 -7.30273 9.08496 0.907613 8.73894 -3.96995 -7.71281 -7.44788 2
-3.17565 5.87493 3.82458 3.69857 -1.18629 -7.14143 1.10094 -5.42892 -9.68832 -4.33891 -1.07939 -1.43553 7.83825 -7.68634 -5.27183 6.01232 2
-2.99354 6.35328 0.287522 -0.335055 1.92947 8.26985 13.4814 -9.75724 -11.1024 -3.85702 16.2164 -3.97799 13.1505 -3.42414 -13.9669 -3.697 2
-3.91 6.9383 4.7409 6.22382 -1.03048 2.84868 -12.4321 -9.52715 -4.39399 3.16579 -10.4756 -7.1804 10.866 -3.17797 0.5522 -10.0749 2
-6.91152 6.13493 3.41819 -4.21015 1.84481 -14.0624 -15.9568 -16.6174 0.0439357 -11.0554 11.9983 -3.96206 14.263 -9.47709 1.70524 -10.534 2
-3.80001 6.16401 -0.547874 2.76559 3.01805 -7.20195 4.89308 -5.03723 -16.4641 2.47966 -1.29064 -3.16042 7.31672 6.24506 -7.91167 -16.9463 2
-0.991771 3.86886 1.71421 -4.8548 -2.35315 -18.2431 -2.5541 -2.55816 -2.73504 -9.69082 25.9985 -11.6973 4.84507 -0.0305598 -2.35498 4.20379 2
0.295116 5.21532 -0.691412 -3.93378 -2.49635 -12.8619 -3.9071 4.28567 -5.62228 -6.93176 8.4799 -16.3703 10.0397 -16.8588 -5.27368 -4.02357 2
-3.20172 2.78875 7.63684 2.34232 0.242216 -10.7254 -8.25107 -9.51032 -3.00976 1.02553 1.26371 -0.295252 10.0141 0.689536 -11.6588 -2.2298 2
-6.35778 3.33232 2.71977 -2.90086 1.77435 -3.10666 -3.60729 -13.3053 -0.133764 -2.87557 -5.20893 -15.2003 13.632 10.2747 -12.8966 -3.36005 2
-5.32021 8.75584 5.65854 3.29627 -3.90158 -10.0574 5.21823 -8.43654 -8.38727 -2.18652 -5.77104 -6.33268 11.5756 -6.27149 -6.33586 -0.253443 2
-12.1545 8.95611 2.32188 5.99603 1.36993 -20.1261 8.30636 -6.30516 -17.502 -1.01429 -6.28021 -5.92369 12.0547 -4.79691 -8.44792 6.15343 2
-5.82282 6.12198 5.32229 -1.25278 -0.692218 -7.53239 -5.936 -5.53684 -6.38849 5.67097 -3.0834 -5.69959 5.26964 -0.422598 -4.96253 3.25543 2
-5.68081 7.4017 -0.124508 -8.29753 3.04336 0.530206 3.56728 -12.1037 -14.7416 -6.76205 0.57894 -1.76099 7.35711 -0.632833 -4.58381 2.74106 2
-7.03311 6.00183 -0.437172 -7.13269 2.51323 -10.1943 -7.02639 -2.8332 -11.7482 -12.5947 7.65458 -4.59135 8.39077 -7.33309 -10.5365 -3.69014 2
-7.47296 8.30208 3.55581 -3.71856 -4.40259 -20.9865 -0.457773 -10.2585 -9.73835 8.86578 0.492964 -8.18341 14.1983 7.18913 -7.12821 7.92264 2
-2.17348 7.47846 1.81251 -7.43978 4.59234 5.68995 -5.96498 -6.55139 -17.0544 9.33067 4.33291 -2.52979 9.63266 -13.5233 -2.40653 8.3184 2
0.760631 2.8085 -0.488854 0.575274 2.71635 -8.03919 8.8904 -10.6849 -14.0848 2.75398 6.29886 -0.591422 2.70801 -6.96294 -6.9846 0.928713 2
-11.5971 10.0762 2.72922 -0.419897 -1.75051 -21.6057 7.66857 -10.2647 -11.439 -6.79298 -6.06465 -4.65517 9.4866 11.1138 -3.21259 -1.3347 2
-7.42953 8.50801 2.56956 -4.46121 6.56734 -15.4842 -8.17571 -2.3421 -5.33462 1.1223 0.995179 0.153989 9.64224 -12.087 -1.70301 -17.7525 2
-3.92691 6.17559 -1.73436 -9.25099 0.383904 -8.23071 4.7139 -17.483 -4.5658 2.31865 12.9868 -5.76047 10.4134 6.09235 -8.23256 -11.1878 2
-5.54726 5.92175 0.863474 1.14561 3.68723 -2.73112 -2.39231 -13.7763 -0.764224 -10.4004 2.06663 -2.5818 13.45 -20.1843 -7.638 -6.27238 2
-8.26229 8.29789 5.62594 -1.32433 0.798727 -11.7285 -1.35001 -21.6556 -17.2371 5.70004 4.75654 -1.96896 7.9809 -9.472 -2.7687 -1.63635 2
-5.95571 5.88118 0.391152 -4.09693 5.10256 -11.9385 0.657988 -10.7056 -3.80425 -16.1443 7.33928 3.5918 6.20077 -12.5216 -2.47525 -3.97765 2
-6.45208 5.87133 3.3753 7.74881 -2.20211 2.58926 14.1069 -12.5237 -6.48912 -6.32266 0.0535654 -2.57421 8.79263 11.8823 -4.50621 0.052745 2
-4.26847 8.16014 2.52281 5.81715 0.62927 -18.7446 3.76007 -4.30068 1.27814 14.6061 13.1714 1.86598 8.16201 -2.00807 -4.63852 6.17346 2
-6.95163 5.10643 4.52245 -5.7145 4.37195 -0.425183 -4.11196 -7.0834 -3.46731 -10.672 -3.45236 -3.88647 10.8279 -7.15541 -2.46614 -3.21888 2
-1.21994 8.83881 2.25124 1.38897 1.16178 -6.64563 -4.74578 -4.89973 -10.2794 -2.10905 15.6797 -2.52593 8.73969 -12.1416 -10.0977 -1.79853 2
-0.240879 2.72571 -0.869339 -3.55744 -7.28371 -7.79268 3.26136 -5.39069 -2.3937 1.64396 3.24543 1.90452 7.33369 -18.2997 -11.7 -9.52206 2
-4.9929 6.44741 2.36943 -1.69354 7.34179 -2.08033 -3.17739 -18.5982 -18.5119 -9.4043 17.4303 -9.13952 8.31873 -3.10389 -1.89201 -8.84112 2
-4.64768 3.12596 -0.124096 -1.14993 4.18329 -4.98028 10.3221 -2.62508 -13.0772 -5.02435 2.72047 -7.06502 9.47634 -4.00514 -4.5969 1.47117 2
-5.80535 3.54816 2.81019 -3.2632 -1.00138 -15.7633 -4.37856 -14.5769 -11.9084 -15.1602 -13.8109 -2.62793 11.2496 -8.54979 -6.90084 -5.68584 2
-4.72079 6.42429 2.53955 7.27061 3.2097 -10.2018 3.83462 -11.2067 -6.9718 -2.81874 5.26937 -11.805 9.53123 -13.2443 -6.39332 -5.68324 2
-3.56862 6.60608 0.613185 -2.8638 2.75059 -9.51264 -6.85336 3.23975 -5.45975 2.42692 5.57813 -7.29591 8.57324 -0.309833 -10.0687 -17.0843 2
-6.99581 7.09664 2.02142 -6.61583 4.47379 -8.44865 6.85125 -13.2263 -6.19201 4.3201 1.03997 -5.54453 4.96687 -20.9291 -6.2799 -7.5755 2
-4.17101 7.31627 2.09044 2.91007 0.342677 -12.6556 -2.02885 -8.21846 -9.37895 -14.0174 15.3699 -7.2931 5.71946 -4.71308 -6.1467 -0.737029 2
-3.37841 7.65178 1.32312 1.88665 -1.09493 5.6406 0.324576 -16.7754 -5.83238 -12.399 -7.10943 -2.63685 9.74811 -6.007 -5.29404 3.85144 2
-1.9021 8.24542 -0.841193 -0.899499 4.34908 -11.2834 4.67556 -12.6223 -11.3926 -11.8651 9.52256 -8.86034 10.0745 -10.3943 -11.1284 1.02031 2
-6.41582 1.61103 5.44935 -7.89795 -2.86382 -8.71024 -5.97805 -10.4867 -6.97688 14.2428 5.24348 -5.47847 6.25296 -4.66257 -0.639274 -16.138 2
-6.57298 9.61998 -0.472451 -8.73166 5.78241 -15.4045 -1.68283 -10.0783 -7.40274 -7.3125 1.33296 -12.8692 5.56231 3.14054 -3.85272 -2.12376 2
-5.90814 6.96818 1.34572 -1.67043 3.14464 -13.7103 -6.34515 -18.7957 -17.9416 -8.96989 -0.592106 -6.98664 10.7919 0.667824 -2.51176 -17.0838 2
-5.21486 7.07753 -2.91037 -1.29025 -0.366176 -1.18695 -2.97016 -8.86518 -6.4564 -3.82407 15.7304 -2.25059 14.2419 4.89707 -7.17647 1.74123 2
-2.53819 5.98678 -2.60987 0.224145 1.27238 -14.0152 -2.64975 -6.96951 -8.57771 -8.01343 11.2395 0.525292 6.76547 -0.511129 0.0318817 -3.14613 2
-2.7889 8.34968 0.0214161 -4.90672 0.467199 -0.325705 -2.03869 3.68302 -7.96078 0.141459 -3.46289 -3.82773 7.20645 4.59368 -0.40662 -8.52481 2
-5.7531 5.69183 2.32892 -4.23465 3.18992 -9.53521 7.79814 -6.76787 -1.50496 -3.96655 23.669 -14.9883 7.77953 -5.46557 -6.13229 -10.441 2
-3.56505 4.5659 2.18246 3.50312 -1.46911 -9.77757 4.10804 -9.75657 -5.90711 -17.1893 10.5403 -15.5388 8.65678 -6.27 -6.83934 1.74142 2
-2.95643 9.38434 6.58106 -10.5374 7.41938 -6.34491 -7.2732 -10.9672 -17.6692 -0.257897 15.8015 -1.90683 2.77233 -9.36146 -11.4675 -5.80601 2
-5.38528 6.61674 2.4255 -3.21768 4.12855 -7.51166 8.40526 -10.9752 -7.54795 -15.9031 7.52733 1.01236 7.66052 9.71927 -2.28774 -5.06744 2
-8.99071 4.25155 1.35125 -1.34664 5.26388 -1.30671 -3.03567 -11.1067 -12.8638 -4.03713 15.3444 -5.02904 11.1796 -22.3134 -3.4858 -4.31974 2
-12.4877 9.34793 4.63818 -2.5625 3.81111 0.0881262 -1.35954 -0.49464 -8.70835 -3.06741 4.7911 -12.641 8.13165 -19.09 -8.83633 -3.36489 2
-1.14149 8.81658 -0.236686 -9.08735 3.86863 -0.779245 5.36717 -3.06677 -14.3538 -0.82668 7.21794 -1.14622 7.75922 -3.70444 -2.79565 -4.16539 2
-5.11681 8.47182 5.74823 -5.01726 0.352139 -6.29192 4.35379 -13.4107 -6.28485 -11.9546 -0.0869947 -3.69219 14.6965 1.67416 -6.49801 -6.32637 2
-7.25283 7.47169 5.19677 1.61681 -2.4551 -11.8799 -4.19701 -18.2964 -3.08059 4.38103 3.47225 -0.522782 17.2225 -9.01206 -7.33728 0.399612 2
-4.93589 9.51325 3.6473 -0.110867 0.934891 -16.8024 -0.697542 -8.41419 -6.94623 -3.52635 13.8717 -2.6782 6.67705 -10.8319 -3.40916 -17.951 2
-4.29091 5.39075 1.30823 -1.47353 4.19524 0.781084 -0.0849811 1.98105 -15.7445 -6.08523 21.0314 -5.38287 9.15262 -10.3265 -5.24556 -3.70111 2
-6.38889 6.34713 2.65001 -3.71758 -2.3783 0.116156 6.22991 -3.03971 -9.55233 8.49844 -1.7335 -6.43138 8.0494 26.7332 -7.58612 -8.5351 2
-7.17665 7.26443 6.33112 -1.83901 2.00151 -3.36859 1.18298 3.34909 -12.0296 -13.1502 -1.70768 -23.9952 7.27395 -4.51797 -2.19754 -1.89001 2
-9.01886 6.9304 0.330545 -2.94194 1.35971 -10.2968 6.84407 -7.46232 -4.396 19.6252 2.41224 -9.92548 11.7641 -16.3869 -5.31184 -12.2419 2
-3.00114 6.75299 -0.366057 -1.62014 -0.411192 -19.1653 -5.45163 1.27035 -2.6924 -8.90128 5.56674 -6.39281 6.16362 5.73273 -3.86004 -10.9294 2
-2.83931 7.79145 4.92622 -0.0384351 3.85826 -16.7802 -2.33046 -2.61462 -4.6116 2.3122 2.12805 -13.4303 5.91724 -9.58674 -3.56581 -9.17965 2
-5.07543 5.79931 5.62011 -0.195093 -6.28667 -8.31667 -3.20124 -11.4689 -7.41225 -0.477171 9.38323 -6.47918 10.7774 -11.7799 -5.20941 -4.17469 2
-5.40219 4.9148 4.9444 1.66135 6.84338 -7.36744 1.94479 -0.922379 -1.96388 -8.40665 11.2493 1.84979 5.45534 -9.06219 -8.96141 -7.27728 2
-8.28167 3.0751 0.610345 -5.25892 -1.99912 -3.89791 8.9355 -6.89316 -16.1642 -10.6841 4.03561 -8.59094 9.83364 -9.73997 -3.90401 5.51555 2
-6.08412 9.47941 3.82522 -2.78739 4.0288 -16.598 1.97137 -8.23361 -4.81297 -16.7825 12.4216 -1.7488 9.8091 6.9126 -0.421922 -9.39079 2
-0.789725 1.55302 6.99713 -9.9758 0.369439 -15.3492 -1.7403 -20.2366 -6.17738 -23.3713 -3.07339 -0.419985 -0.0392902 -2.02286 -7.20028 0.601002 2
-4.68156 6.03142 0.344879 -2.54639 -3.81888 1.62523 2.57656 -12.0535 -10.3966 -6.28359 19.3962 -1.99196 3.05511 -16.66 -7.62397 -12.6756 2
-7.05927 6.50074 1.55806 1.46547 2.41927 4.93373 -1.39818 -15.5256 -11.0365 -13.6992 6.9393 -8.93151 5.76992 -14.5339 -9.8 -5.39701 2
-10.092 6.6639 3.82457 -11.0275 2.20334 -1.71499 1.59188 -15.1639 -12.744 -5.96015 7.75322 -1.70092 8.66564 -3.17377 -7.77094 -9.79339 2
-5.0568 5.11132 1.69076 -3.12332 -4.11466 -8.20985 -7.81481 -12.9496 1.71904 -5.41085 -0.295469 -8.46762 12.2599 -8.15127 -6.26552 -11.1717 2
-3.37836 4.51411 2.84835 -3.18963 1.11781 -6.81839 5.31468 -8.50768 -9.02142 -7.79803 12.2659 -13.217 8.77806 -2.99443 -8.56025 -10.7916 2
-1.24778 3.13394 2.55161 -2.63253 1.89859 1.62034 -8.05164 0.33037 -13.1201 -9.53908 -2.92146 -6.9224 0.178308 -10.1574 -2.05243 -4.66305 2
-5.83102 5.00934 -1.76481 0.282373 7.79743 -7.66209 3.03107 -6.92654 -3.01479 -4.38692 16.8582 -6.89935 12.0746 8.97403 -2.08485 -7.16296 2
-8.17948 5.63677 -1.03652 2.39113 0.0148799 -21.6372 4.81238 -7.05211 -7.67166 1.93354 5.16465 -15.5534 10.3297 3.58364 -9.1618 0.71242 2
-3.27365 7.27361 3.21355 6.70125 7.59716 -7.04512 5.67039 -0.882158 -18.0239 -7.62114 9.67871 -8.01658 9.4828 -1.08205 -9.59295 -4.87565 2
-4.48996 6.04516 -0.834661 6.1322 4.28796 3.41146 -2.75987 -9.97511 -3.23441 0.689152 6.60632 6.94614 4.47816 -19.2572 -5.59105 -14.4433 2
-8.80152 9.58732 3.03714 -1.318 7.70741 -13.2862 -13.0021 -6.60415 -13.1075 1.3602 4.67087 -8.89926 12.1101 -13.025 -0.681541 -0.747868 2
-4.53213 8.47765 -3.51717 -3.29285 3.94999 -9.5744 -2.51837 -2.66083 -8.47207 -7.84278 -7.68302 -5.68343 9.93182 -4.93281 -8.08939 -10.1218 2
-7.57338 10.8438 4.13274 2.19811 0.307115 -6.45187 4.87514 -9.22111 -16.0285 -1.14299 1.94432 -3.93428 6.31366 -11.5751 -4.41193 2.57555 2
-5.71889 9.11365 2.17378 -3.15743 1.79942 -9.37575 2.26235 -19.0762 -11.7779 -6.00005 15.4448 -15.6574 13.1222 -7.16035 -3.19024 3.58764 2
-7.54559 4.14865 4.39356 -8.11432 1.39124 3.74557 -5.05546 1.01199 -11.2265 1.6748 21.9298 -6.17355 9.54114 -11.9685 -4.94084 -0.106809 2
-5.79831 5.588 3.69408 -2.20286 1.35002 -11.7366 -4.07325 -10.0401 -6.54903 8.67505 10.6375 -14.5048 12.0428 -17.5812 -5.86389 -5.74041 2
-4.13648 5.87422 6.15763 -9.14224 2.99798 -6.11435 -4.66008 -11.9544 -7.84213 -22.5999 3.59158 -9.56206 12.1725 -5.97413 0.675917 -4.79391 2
-0.501285 8.30503 2.69056 -3.6233 7.11059 -6.40063 -10.0143 2.79824 -13.6453 4.8301 -0.0609863 -1.8974 2.14515 -13.7008 -11.0802 9.60947 2
-6.68188 6.23603 1.48452 10.1567 1.52025 -5.24183 -1.73732 -7.50579 -10.2241 8.27885 4.03856 -3.48105 2.44351 -10.3091 -3.85882 -8.1125 2
-7.84395 6.56474 4.86141 -2.03892 0.0854971 -3.92814 -3.39528 -1.60088 -5.6263 -6.9729 9.95829 -3.44637 9.41855 -14.5699 -3.57488 -9.90585 2
-8.69463 3.2639 1.74182 -0.810919 -3.91897 -5.11251 -1.94539 -9.47584 -14.2893 -9.60227 -1.62173 -15.2061 8.43335 -18.8596 -8.39758 -9.45624 2
-3.55828 8.13457 -8.22814 0.419388 -4.58702 -12.0372 -15.0678 -12.4098 -3.80794 -3.18667 0.189988 1.03605 6.05411 -10.8023 -5.36006 -3.22593 2
-3.49924 7.9636 1.22831 -2.23829 2.49152 -7.27946 4.56424 -11.9401 -0.601014 4.20923 13.5084 -8.90436 0.336401 -31.2049 -10.3929 4.90683 2
-5.34842 5.45962 2.67777 -6.90386 1.1274 -14.9302 0.829303 -15.3893 -4.19116 -11.5156 1.2861 -3.88251 7.98196 -22.066 -7.12121 -10.2069 2
-3.84984 4.58963 6.46416 -2.18708 4.80092 -8.29765 -1.00047 -6.52734 -7.87579 -21.3303 5.95782 0.784443 7.98591 -8.61747 -8.1773 -3.32467 2
-3.97425 8.14272 -1.12385 -0.88294 7.84404 -2.7786 10.7761 -5.48139 -17.12 1.55769 21.5126 -5.40711 11.0863 -11.3503 -4.32288 -0.822904 2
-7.35468 8.98431 7.62688 -6.93383 0.648044 -9.13835 -5.87252 -10.0617 -14.274 -2.57279 10.8763 -7.93678 11.0274 -8.11457 -0.819425 4.8189 2
-6.19423 8.00544 1.06083 4.31301 1.85428 -9.32082 5.0612 -12.9711 -4.41083 -19.6548 33.4879 -5.04635 9.2079 -13.6792 -5.11837 -2.92017 2
-1.09937 3.90683 5.21792 -8.08724 1.93378 -7.10605 -1.26149 -11.6293 -9.08094 -2.34239 10.5465 -0.193719 3.98778 -5.21724 -6.83641 5.34243 2
-6.47025 5.7055 4.74003 -9.8156 7.751 -9.28742 6.29988 -4.55905 -9.37755 -11.4047 11.4081 -8.3783 6.68845 -3.94712 -8.57939 -9.81047 2
-5.68219 8.77647 6.49096 1.00284 1.47317 -11.4537 4.37056 -12.9522 -9.14467 1.40878 4.9819 -1.18996 12.2871 -9.37579 -5.70155 -9.88242 2
-3.32751 3.61171 3.79492 -6.77113 0.922626 -11.7058 -9.79594 -2.98256 -7.61024 -4.45567 15.3781 -4.69976 11.7036 -20.3186 -9.02134 -9.09035 2
-6.02849 8.10545 6.86101 -9.16084 -2.32297 -5.02342 -8.04454 -7.19817 -5.54527 -1.17697 11.3836 -15.339 8.50543 -3.47559 -3.60018 -11.7876 2
-4.36418 6.60794 -0.256785 -2.61055 5.27517 -4.00295 -4.3996 -10.6887 -11.1698 -8.19258 3.76148 3.41764 3.96366 -4.9833 -2.46538 -3.63096 2
-3.94931 6.23662 -0.310128 1.45467 1.60162 2.52894 7.6548 -12.8583 -13.5151 0.448716 3.44997 2.97519 6.41592 3.61717 -2.02716 -3.29877 2
-6.52333 8.62593 3.38715 -1.80597 5.32393 -12.7634 9.27593 -5.57389 -4.17119 13.3855 17.7082 -8.68138 5.77681 2.55295 -4.6821 0.307042 2
-6.57464 6.14173 -0.212367 -2.72524 1.22934 -9.26689 -6.52535 -8.34285 -13.7189 14.1381 11.4937 3.34285 13.1509 -0.109763 -2.86208 -7.20172 2
-7.66769 5.25768 -2.87625 -0.464855 3.0786 -18.9681 5.91736 -0.901655 -12.6449 -2.03639 18.5394 -10.3556 3.23761 -11.9785 0.517725 -13.0892 2
-7.8515 5.5011 3.73433 -3.88886 0.207175 -9.68605 13.4955 -10.5963 -3.0862 -14.4295 17.6161 5.03985 9.62992 -3.52934 -8.47867 -1.32762 2
-8.74968 9.75179 0.849386 -2.28419 1.63406 -11.2098 2.86027 -9.88419 -10.0675 -11.8461 -1.83963 4.83581 4.68068 -7.80809 -4.00163 3.92269 2
-8.04339 2.38507 1.9983 5.89866 -3.73458 -16.7312 -8.7622 -17.7578 3.11606 10.4962 2.0988 -8.20346 10.2377 -15.5803 -6.39975 -10.0106 2
-6.95188 -0.812263 0.824124 -9.90461 11.9099 -12.1769 5.59431 -1.02373 10.5831 -8.42398 4.50321 7.45529 -3.92554 -2.58587 -0.844058 4.03847 3
-3.7467 5.81132 5.56066 -2.57784 10.7584 -10.6282 1.82005 -1.60884 27.1095 -2.86962 0.275108 10.0009 -5.25085 -9.15232 2.26585 -0.13915 3
2.19679 -0.448249 -8.93248 -4.01453 11.8705 -5.57148 -0.633479 -9.1658 21.0193 -7.61653 2.44831 2.42171 -3.7539 -12.9117 13.5736 3.27214 3
-0.015702 1.7916 -6.29208 -14.3027 3.90122 0.644589 7.10178 -10.6653 24.4297 -4.99548 6.96075 5.05889 -0.241249 -4.68266 0.140037 0.743168 3
5.2186 16.9093 9.98832 4.74441 13.2768 -5.67152 9.45732 -13.32 7.54673 -9.93181 -1.88579 7.34084 -4.89564 -9.87694 12.6835 -7.30161 3
-3.29125 4.23844 10.7015 -4.63752 2.44696 12.6464 21.2197 -4.3314 11.7006 -1.74943 4.63576 6.42327 -2.80699 -3.50329 -1.47486 3.11267 3
-4.57325 3.27136 0.277893 -7.00902 9.09308 0.946707 21.4763 -4.98663 5.03759 -2.5498 1.22222 7.24148 -1.94338 -11.1529 6.96528 -1.21008 3
-12.0024 -7.91502 2.4644 -8.49759 7.04608 -3.87826 5.89562 -3.12788 11.874 -5.31594 2.212 8.68875 -4.81139 -5.52972 5.20415 -2.99663 3
4.09884 -4.04223 -1.44115 0.437245 3.81123 -6.08406 14.1384 -4.49729 -0.26674 -4.75637 5.09521 4.11231 -0.858626 -3.33351 -0.694783 0.921869 3
-7.96868 9.32281 3.70713 -13.8208 11.0944 -4.54506 0.199099 -4.38003 12.7076 -5.26965 6.32596 8.13406 -1.16055 -3.83159 8.44816 -1.50657 3
-2.67793 5.71316 -1.8033 -14.0366 2.13263 -7.04689 -12.3197 -6.17403 6.68637 -7.22519 -1.78023 8.72694 -2.19245 -10.9134 8.64136 -1.94753 3
6.25083 8.49587 13.8507 -13.0302 3.45325 -12.2786 22.5195 -0.11307 4.71993 -10.5496 -1.56976 2.25093 -5.03836 -3.31318 2.18422 1.37207 3
5.25526 2.74597 15.4696 3.37241 10.4474 -15.7647 15.3328 -3.73625 20.9598 -6.22754 -0.732025 8.40553 -7.3837 -7.45559 12.9127 0.443815 3
5.05539 9.53582 -3.65794 0.788295 7.54876 1.536 12.939 1.86406 10.8876 -3.75388 4.52542 9.37946 -1.57874 -11.4999 8.05949 -3.51045 3
-2.60009 -1.34745 4.26258 -2.98801 11.6894 -12.6377 10.4692 -7.05161 8.49089 -5.92205 3.5178 12.3676 -1.81365 -10.9223 3.71179 -2.87168 3
4.86766 7.68463 10.2145 -10.1928 6.10123 -8.99732 12.882 -5.3669 14.5999 -2.21224 3.44464 7.30305 -1.50461 -9.04378 7.44022 -1.61612 3
-2.67824 9.27273 -0.891703 -16.4276 7.53662 -6.96132 4.09471 -0.994591 9.28553 -5.42645 2.00418 11.8025 -4.69106 -12.8089 -0.137917 -2.10936 3
-0.419003 -1.86864 10.8751 -12.0414 11.1948 -12.8018 10.0709 -5.92344 15.2364 -3.23579 -0.619155 6.12101 0.776411 -11.1372 7.21111 -2.65963 3
-0.377704 0.588207 7.53317 -5.49214 5.76633 8.80937 2.19286 -7.91403 1.18696 -8.63276 4.73422 10.7989 -1.0216 -3.66305 9.69755 0.852938 3
0.338902 2.65715 -2.53975 -4.08802 8.30546 6.83211 12.9212 2.70389 14.3397 -3.92494 2.14405 3.58075 -1.57279 -9.81405 6.99679 4.1868 3
-12.8415 -0.92406 8.47337 -11.6972 9.48931 -1.27479 18.1063 1.36558 11.1762 -2.87968 4.17692 15.6533 -1.2469 -2.3028 -2.03884 -1.91111 3
-4.5148 12.7499 4.66364 -1.30156 6.52136 -8.31267 21.0675 -2.39808 14.048 -4.43834 -0.553613 6.11155 0.133494 -15.7769 -1.49681 -2.78054 3
-1.96356 18.0564 9.31809 -8.06833 10.1838 -10.9728 -9.78682 -6.35957 15.2041 -7.04219 -2.75353 13.379 -0.762013 -7.14263 4.21303 6.18641 3
-4.01374 -4.29585 13.8463 -2.16589 9.95337 -20.7972 8.86331 -5.87601 4.38158 -2.26976 2.30311 11.8352 -0.248212 -10.2475 2.9229 -0.459052 3
-8.78416 11.9394 11.8183 -0.318115 6.96743 -21.3236 1.83228 -5.79666 11.9565 -3.51508 1.07319 6.55712 -2.43209 -4.17913 -8.44992 -0.215666 3
-2.5687 7.79965 -6.88361 -5.19836 11.5935 0.391132 12.9452 -1.54369 4.08624 -6.0712 3.38946 11.1868 -4.72223 -7.21804 4.91248 -0.467332 3
-12.441 3.81495 7.70443 -5.41012 7.60344 -8.97263 18.8134 -5.11459 19.4009 -3.60928 -0.102778 6.75054 -4.13491 -6.87662 2.27811 0.503938 3
-3.38484 7.27612 12.3109 2.84986 6.97182 0.832292 18.2542 -8.55435 8.95456 -2.62459 -1.12882 11.5623 -2.50136 -4.99239 -5.67538 -3.36679 3
-2.74114 -0.273302 -11.1052 -6.44882 8.50402 -15.7147 9.55922 2.49861 6.89819 -5.53801 3.38044 6.66799 -4.33829 -9.23687 0.425278 3.5418 3
1.75522 -1.47754 11.5343 -10.8714 8.82897 14.9861 12.7015 2.72527 -2.45293 -9.73889 -0.239673 10.637 -4.79791 -9.69566 -4.53473 -0.0533009 3
0.35832 9.28658 -5.02047 -11.9515 8.8318 -12.6089 -3.72774 -2.35513 10.905 -1.22012 5.4494 7.13361 -9.03475 -6.14992 14.535 9.22869 3
-12.2887 13.5483 -3.19387 0.352356 7.91987 -8.44463 5.4194 -1.34439 10.6873 -8.29408 1.17213 7.80473 -0.853129 -9.53823 1.96471 5.30966 3
-5.12454 8.60212 -0.919385 -8.78359 16.845 -3.04027 13.3425 -6.86222 5.12195 -4.80749 -2.90259 2.69226 -2.34628 -6.05366 -5.77896 -1.85022 3
0.0157995 10.9402 0.794287 -2.3341 7.53084 -12.0988 -14.6912 -1.14736 0.696583 -4.88924 -1.259 10.0973 -0.658755 -0.688894 14.6302 2.48772 3
-2.64441 -1.87831 -0.479884 -8.99445 14.9053 -7.91297 12.1921 -4.48348 5.13497 -3.04682 1.43631 10.5155 -2.43832 -12.5266 2.95425 1.98868 3
-4.73068 16.3648 10.3236 -10.0091 8.33901 -6.49572 5.9697 -1.92838 7.27016 -3.60437 -1.31508 7.72845 3.83964 -4.4481 2.3325 3.18031 3
-11.1594 1.53785 14.5839 2.60076 5.38794 -7.53248 15.5871 -4.01968 8.84717 -1.38541 0.683672 6.0903 -4.27546 -8.94603 8.15548 -1.59499 3
-11.728 -1.08963 4.26199 -7.50925 9.70585 3.93955 10.1123 -1.63486 -3.02235 -2.46207 1.82347 6.44467 -2.61864 -12.0781 -3.47713 -1.89873 3
0.971357 -9.43401 2.72433 -6.02846 5.767 10.8923 2.93378 3.9192 13.2061 -6.45672 5.37779 12.0972 -2.79088 -12.8085 5.25692 0.903243 3
-1.47957 -5.43573 11.1751 -5.0888 1.23486 -5.0452 0.407825 -1.14029 8.28057 -1.58713 0.215685 6.23589 -1.76931 -8.79495 0.236438 4.07275 3
5.35009 4.82177 9.21714 -3.12609 15.0431 -2.09781 10.4663 -11.7747 11.6694 -3.44279 0.939008 -1.54955 -4.00101 -6.00425 -3.62587 0.0591195 3
-3.07683 6.17087 -0.152251 -13.5427 6.3643 1.66967 13.9958 -5.72818 4.94813 -0.369056 -2.50586 10.1549 -5.85204 -7.88626 -2.2135 3.8465 3
1.18779 4.1457 10.4343 -12.5893 6.41836 -7.85413 12.035 0.495433 8.10247 -1.85241 9.39798 14.1235 -2.30005 -6.52126 1.81275 -0.594067 3
-2.24616 0.0314355 11.962 -5.70078 7.6642 -12.1408 17.6149 -7.41723 8.68343 -3.81628 5.38257 13.2783 -2.11179 -8.30357 -14.4173 -3.06836 3
3.86606 2.0943 -1.61653 -14.02 16.8421 -22.5923 33.7515 -4.95722 -2.50321 -5.37803 7.3799 4.48448 -4.31692 -2.90493 5.65276 -0.25662 3
2.23243 -4.08083 14.8909 -13.9816 9.65312 -5.75198 11.3664 -5.51112 -1.79291 -4.5324 -2.54155 8.94884 -2.56159 -4.27058 17.4027 -3.5256 3
-5.32761 13.5274 2.28274 -6.88897 15.2248 2.63663 17.1224 -9.04771 15.383 -6.37769 2.23849 1.23157 -2.61911 -4.53186 12.7115 -0.256142 3
-5.32609 3.48081 2.39328 -6.69664 13.8057 14.5578 11.3031 -7.09724 10.5563 -3.50609 0.0593061 6.59811 -3.73921 -9.70469 1.98323 -5.97315 3
-12.6006 12.8043 6.04179 -4.63984 14.3149 -1.78911 -4.7168 0.859105 9.94242 -5.77271 1.47204 16.1105 -1.70023 -5.68196 22.3673 -1.42487 3
-6.18712 11.9772 4.31117 -1.47387 5.95504 4.22739 12.3313 -4.71481 14.8986 -2.04835 3.99634 5.89172 -3.12589 -12.4636 -1.53259 4.80746 3
-0.923562 1.52831 -2.91704 -6.6741 0.733593 -4.39954 22.0447 -11.6979 5.51755 -6.78983 2.83751 7.03996 -2.67936 -7.18858 -3.20131 3.03461 3
-5.54662 12.1516 -2.46517 -7.74088 11.3657 -19.9431 11.1657 -1.74027 4.86813 -7.73098 -6.60622 4.56763 -2.5898 -3.17548 0.210939 1.51005 3
-6.93336 10.3862 9.02062 -3.25198 4.36879 -6.24109 9.41808 -3.00594 1.26886 5.34365 -1.44684 1.69808 -0.4582 -11.9909 6.37848 4.49807 3
-12.3993 -5.20035 -0.851309 -7.16715 5.66572 3.80263 10.5617 4.30379 10.619 -1.7041 4.73914 6.92577 -0.986232 -8.61011 3.76082 -4.56654 3
2.12661 4.0143 -3.26018 -2.9067 9.29241 -3.9069 20.9912 -3.8868 11.8184 -7.73346 -0.23734 4.34139 -2.68905 -10.9975 -0.258711 0.621716 3
-0.202974 10.039 11.2922 -8.14765 9.23333 -0.85345 3.28796 -4.86864 5.33752 -2.89026 0.250013 4.15544 -5.48555 -1.86178 3.12889 8.03416 3
0.576538 -15.3296 8.76685 -3.29742 10.1929 -7.75407 -1.49293 -2.73119 2.95592 -0.714314 -0.136352 8.05521 -2.87884 -7.88922 -4.56086 4.57133 3
-3.97248 -3.50323 1.73748 -3.87398 11.5088 -2.78814 13.4292 -3.51104 10.6914 -6.60105 2.37323 15.897 -6.79206 -6.78244 9.18225 -4.78448 3
-0.32548 2.26414 10.4973 -0.675593 8.08152 4.60209 12.601 -3.79427 10.3834 -4.5884 -0.55431 4.84955 -2.93336 -11.9655 9.08395 -1.31712 3
-5.06209 9.46375 -5.51208 -0.928127 8.98325 -18.5206 8.71203 -2.25 13.476 -3.03187 3.53934 8.42074 -2.19978 -11.7908 2.38751 -4.71335 3
3.39968 2.55596 2.27904 -9.64052 3.08818 8.68946 3.31038 -0.357661 11.6332 -8.55845 2.4175 6.55117 -2.0734 -9.86068 4.09452 -3.21798 3
-2.56297 -3.169 0.952267 -7.35476 -0.300876 -28.4939 -6.64488 -1.91074 17.1747 -0.256703 0.811244 11.228 -5.25034 -10.0093 1.0493 -2.38729 3
-0.31283 3.34582 14.2905 -11.5124 1.4544 2.16754 6.11975 -8.46739 7.60455 -10.4612 -0.676516 17.2029 -4.79779 1.08 -6.89579 5.63822 3
-2.39816 4.57871 5.67718 0.838389 14.1829 1.93349 0.788742 -8.67034 9.17404 -5.3493 1.54899 4.90638 -5.32489 -8.07109 0.0400862 -2.70148 3
-8.79103 -0.848781 11.5811 -9.11401 14.792 1.14858 10.5874 -12.8286 5.62166 -6.25405 -0.726862 3.52479 -5.3359 -4.63929 9.19061 1.58313 3
-6.63386 6.87552 -6.45235 -1.39619 1.89264 -4.8803 1.77152 -10.0893 13.3852 -7.79906 -1.51027 10.1884 -4.74378 -11.0845 0.916367 1.24671 3
6.55249 6.08109 -3.57196 -7.7009 7.19721 -8.18564 14.0919 0.202966 14.223 -9.67004 1.9736 4.68776 -0.480088 -6.89739 6.53762 3.24601 3
-1.34168 3.26382 8.07014 0.866548 3.94894 0.775791 7.44705 -4.58472 7.59132 1.06081 5.99092 3.54544 -2.39396 -6.40531 9.24878 1.44462 3
-4.76216 5.14508 4.02336 -3.34141 10.807 3.85186 10.2808 -4.01285 0.171147 -6.63097 0.187779 5.78889 0.481637 -2.77451 -12.6094 2.44683 3
-11.959 -6.16845 10.924 -4.81651 3.95102 -7.83259 12.5319 -3.52474 9.71811 -1.08464 3.40664 5.68796 -3.92758 -7.30477 -0.64141 -5.87004 3
-1.76988 8.62488 15.8442 -10.3447 4.69154 -5.25237 -2.92997 -3.1933 11.086 -8.51915 0.725183 11.1723 -4.66129 -3.28467 7.15479 4.85452 3
5.74141 1.80245 0.344233 -2.06992 8.69978 -2.01669 21.8509 -2.70711 19.6752 -9.87033 0.788562 7.65863 2.05868 -10.36 10.6299 4.97712 3
-0.476401 -12.1706 3.21573 -6.61083 3.49693 0.00998882 4.84167 1.74311 17.5337 -3.07938 1.46818 8.05499 -0.587795 -3.39377 5.55691 1.32693 3
-6.34721 -0.0572282 -5.686 -4.25257 4.64901 -13.9095 5.82367 -3.18552 12.6045 2.87409 5.23459 4.25466 -2.40721 -6.07542 -0.311698 1.7915 3
-3.45016 -4.41737 5.29298 -11.4582 8.87665 -19.8501 21.8532 -2.28902 5.04312 -5.24735 2.92563 13.0734 -7.32945 -11.0459 3.41348 -1.13021 3
-10.1683 -1.74921 0.186499 -7.06137 3.17634 -1.8421 22.0145 1.00789 8.81597 -2.46259 4.06813 12.8626 -5.25245 -5.95362 6.58583 -3.61366 3
-2.46475 10.719 9.06006 -4.37358 -0.792036 -5.96588 12.971 0.644469 2.09509 -0.539885 2.08437 5.66146 -1.15046 -8.2642 1.15314 4.85677 3
2.89631 4.55298 1.9367 -4.99438 14.7219 8.30859 7.91157 -8.11092 13.1195 2.34722 2.44359 4.71052 -6.76139 -8.02757 7.37957 3.77279 3
-5.29011 13.7763 4.96966 -5.89466 9.30907 6.71822 -8.50216 -11.8979 8.95784 -3.62069 -5.05096 3.10105 -0.843943 -9.63841 -0.408392 -0.269099 3
-3.82817 2.81259 7.71059 -2.22907 8.94846 -3.75753 20.4091 -4.79409 10.789 -2.6471 0.608678 13.4019 -4.02537 -10.304 8.94302 5.35101 3
-3.52286 4.60687 0.302077 -8.38108 9.40485 4.33179 10.985 -1.96238 11.1119 -8.34864 4.51262 9.93571 -0.564146 -15.6691 -5.00899 -3.07838 3
0.619221 4.62366 8.442 -0.78069 15.8311 -28.6528 3.4834 -5.81432 -1.7651 -7.95715 2.45 4.62619 -2.64495 -9.99021 0.736926 2.39175 3
-7.4225 -0.127439 12.3549 -5.93295 4.63559 -2.00979 6.61192 -7.66483 12.0527 0.312102 3.61625 9.03992 -1.20362 -4.5235 7.06334 0.900608 3
-8.26713 11.7933 6.37349 2.29796 11.8319 -1.14287 5.54993 -9.87008 9.67248 -5.89145 3.06895 9.7383 -2.73267 -8.89517 7.90755 1.1357 3
-0.807333 6.90323 8.59895 0.191928 7.76503 -4.89108 6.82736 -3.99842 4.36579 -7.74965 4.76232 9.65384 -5.78893 -6.15816 16.7418 1.25607 3
