classLast,16,4,space
-9.28406 -8.85637 -3.85893 -2.93377 11.8534 15.8421 2.75895 11.8566 2.27741 -6.07963 -3.36989 -2.49004 -7.82126 -3.45263 -0.760666 5.85403 0
-14.1734 -4.12185 -5.7054 -3.99035 15.0236 2.50088 6.6637 10.8994 -3.49277 1.25122 0.921622 2.3404 8.74772 -14.7012 -10.2618 7.86019 0
-6.50906 -8.61849 0.31329 3.39525 6.20228 5.65269 6.54726 21.9522 -6.94665 4.52175 3.58721 -1.65968 13.0306 -5.50021 -4.88481 4.91303 0
-2.84261 5.16315 -4.8447 -1.8612 8.74435 12.057 7.81461 7.8881 -1.06423 -9.14207 2.60406 1.11504 -6.82596 -10.6017 -9.33466 3.59044 0
-10.7361 -5.97358 -1.3607 -2.4188 6.47283 6.28006 1.13544 11.5615 -2.70281 1.72786 -1.58885 3.10231 6.53981 0.00175981 -15.6654 3.22792 0
-9.652 -15.1569 -4.66726 -0.327336 5.91802 1.28933 0.641206 10.0948 -0.284944 -13.9992 0.303861 -3.86609 -6.2818 -7.07485 -3.56058 3.79229 0
-1.97917 -7.09698 -9.1748 -4.79019 6.99695 7.3412 5.31179 8.53464 2.83068 11.6209 -10.7128 6.17717 0.501497 -10.1443 -1.9575 3.94506 0
-6.39807 -19.8027 -3.1427 -2.58726 5.49652 2.31377 3.24578 10.1336 2.77278 -1.4196 -11.9239 -2.82134 -9.44339 -2.7227 5.86168 2.52974 0
-8.85688 -16.7338 -6.66218 -0.0801337 9.49332 11.1137 0.976027 11.6904 -0.00241618 -0.337909 -13.1119 -6.99295 11.8216 1.36773 -11.1021 7.50457 0
-3.81931 -15.3608 -4.46245 0.908382 13.6497 10.2113 4.64191 4.32715 1.58476 -2.18179 -13.1605 2.42558 -0.712176 -1.88681 -17.8662 3.68086 0
-8.41032 -5.99158 -2.50265 1.8195 11.2907 7.69753 2.00951 8.40681 -1.12989 -8.66921 6.07828 4.50539 4.00031 -9.42839 -14.1055 5.75428 0
-7.14591 -2.99783 3.55488 2.16775 14.8013 3.27035 5.52803 -1.27764 4.98704 1.12592 -6.10225 4.60159 6.81924 5.56975 3.95377 3.08581 0
-8.74859 -21.5879 -3.65064 -1.65398 14.0702 6.5594 1.91173 5.81361 -0.138326 2.79557 -8.01853 5.48742 11.7417 -5.71536 -6.95216 10.2661 0
-10.7948 -14.3258 0.290094 -1.02013 9.307 11.2327 1.25612 11.7326 -6.93865 -14.0512 -14.4777 -7.7243 -4.86794 -9.8335 -2.07852 5.5751 0
-4.50427 -12.0038 -3.83206 -1.52165 15.8633 8.13497 5.1511 17.6748 1.39547 1.63754 7.15695 -0.157969 -1.13363 2.12014 -13.5693 4.47761 0
-10.6239 -8.87563 -1.53566 -0.545628 8.0388 9.17475 -0.884194 22.3664 0.911872 -5.94096 0.842429 0.754337 -2.70904 -6.41946 -6.59026 4.03202 0
-5.55218 -4.58553 -4.32027 -2.49782 11.0821 16.3647 -1.18584 14.4165 2.24378 -11.1098 -10.7461 -5.33195 -0.996468 -12.8146 -6.05356 2.31915 0
-8.44796 -5.22064 2.12527 -2.76217 2.15275 6.60659 4.2785 3.18711 -0.316243 -4.42155 -5.0036 1.15769 0.19814 -8.35922 -11.8003 5.53223 0
-11.5014 -7.88729 -2.43786 -2.23253 8.98681 0.414858 0.779809 19.1024 -5.30941 -7.89436 -13.6292 2.89549 7.81116 7.00833 -4.76111 5.8797 0
-9.41802 -3.89272 5.44699 -4.58123 7.73023 8.58063 -9.09778 2.43332 2.87109 -1.45616 -10.525 -0.860543 6.42399 -7.66276 -3.06806 4.13679 0
-10.7609 4.92245 -3.49688 1.38198 8.51818 11.7877 8.67295 8.72808 0.372223 -4.98352 -1.8109 3.80597 6.60349 -15.3083 -7.88556 8.28598 0
-7.88627 3.6478 1.9276 -5.27109 4.53048 6.97423 -0.913909 13.4199 4.11975 -6.62095 6.3954 0.245185 11.3882 -11.1298 -17.4419 6.44094 0
-7.96886 -8.47558 -2.70755 -6.55365 11.091 12.447 5.00163 13.981 -4.33429 4.08461 0.0548741 -0.394194 -0.207005 -1.64024 -23.9585 4.72012 0
-15.3707 -1.39477 -3.9548 -2.2491 10.0118 -0.728035 8.64908 14.8549 5.86608 0.766574 -15.1508 0.121266 7.04046 -20.2128 -24.4994 7.03189 0
-10.7159 8.54658 -1.19492 -3.40581 9.22335 4.54791 -0.72799 2.78463 -0.95381 -2.77395 -6.73257 1.15928 13.7713 -1.38278 -5.15141 0.233859 0
-10.2269 -2.63936 -7.62392 -2.26048 9.84603 10.4558 -0.849132 9.90622 1.88513 -10.6344 4.03151 1.96852 6.67971 0.540227 -2.28483 5.38077 0
-4.14948 -3.64322 0.887198 -4.38478 4.2603 7.89977 7.22515 14.6484 -0.272786 5.08847 2.47745 0.0103573 16.593 3.28039 -27.3574 5.57047 0
-6.71989 -3.66235 -5.36545 -0.869554 12.7563 7.72526 -0.624925 14.0326 3.07715 1.37379 2.70873 7.16271 -3.01884 -5.22234 -0.00614959 2.62463 0
-4.97038 3.6496 0.578902 -1.29762 7.39854 6.39347 3.51522 18.5571 4.34114 6.47077 -10.5721 -0.993028 5.44738 3.25894 0.213815 3.18183 0
-9.07526 -4.43925 -4.88351 -2.28389 14.4349 20.259 2.69639 13.5168 6.4272 -21.5208 -1.80453 0.188014 5.4305 3.70696 -12.3799 2.97799 0
-12.9996 11.1338 -7.27985 -4.67148 5.12763 2.30612 4.22787 5.65262 -1.76879 -12.5968 -8.21031 3.7252 1.79892 1.47589 -3.21084 3.12225 0
-18.6991 -10.1521 -5.80134 2.23774 8.65733 11.9176 4.85034 5.52769 5.68817 -7.93239 -6.05373 -5.28279 9.08516 -7.95513 -5.58875 5.83562 0
-10.9094 -2.68658 -5.28342 -3.15756 9.03036 5.99899 4.62287 15.6358 -4.42588 -0.858205 -2.35412 0.430015 2.4422 -6.61583 12.8832 5.63113 0
-5.80012 -7.49991 -0.134037 1.2444 11.6639 10.6634 5.0217 3.03708 -3.96724 -4.72487 -1.22614 -0.643988 6.71087 0.370544 -0.899654 1.57098 0
-8.4665 -15.5331 -0.850444 -1.36935 12.0385 5.75638 5.49352 4.48908 2.37646 3.11822 -7.30677 -3.10067 -0.534202 6.29733 -2.42945 5.81866 0
-9.5689 1.97733 0.898067 -7.92792 -0.774175 7.81275 -2.23988 8.30858 2.12995 5.14499 -4.57155 -2.50542 9.95107 -6.89564 -6.33018 7.84255 0
-7.43571 1.2087 -3.30327 -2.77697 1.65539 7.72782 3.94677 -3.61669 -2.74517 4.73393 -10.823 -4.72473 -4.28693 -10.9599 -0.945661 3.0869 0
-7.40012 3.00911 -1.30134 0.0878541 3.42571 6.802 3.55448 13.08 -2.76721 -1.56357 -0.985544 -5.33149 9.68754 -1.48838 -0.744681 6.7321 0
-14.9458 -0.208065 0.127436 -1.64327 4.16198 6.06347 -1.67809 19.6242 -1.29465 3.46192 -5.27833 -0.510969 7.6324 -2.58511 5.24086 4.60169 0
-10.29 -3.35752 -0.509923 -1.24783 4.17522 0.855665 7.28489 3.27577 -0.913798 -0.261233 -8.68584 -3.09679 0.990427 -3.89244 -13.5507 1.32969 0
-7.75267 -0.199548 0.0406964 0.977139 7.48767 -1.50452 3.60627 12.5097 2.07551 -2.07255 -3.67812 1.53698 0.0811816 7.00194 -26.9762 3.19909 0
-8.02894 -3.42617 -8.06823 1.5534 11.7296 5.59179 5.38731 0.417779 -0.87542 7.94351 -7.21373 -1.20471 -4.78783 -7.6214 -19.1735 6.3545 0
-10.3671 -7.05864 0.430862 1.96063 8.62043 1.87894 -0.881994 12.4063 -2.59793 1.01842 -13.2399 -3.14851 3.55432 -3.23529 -4.39323 7.6109 0
-9.6147 0.023573 -2.72868 -2.07348 7.75569 7.86234 2.8409 0.512747 -2.20958 -13.7583 -6.44671 1.09659 4.69597 -11.2899 -18.4305 6.17772 0
-9.49797 -6.00475 -0.997027 1.28844 9.93887 12.1359 1.644 1.92581 0.67939 2.39927 -8.1718 -6.21832 -3.23798 -5.01667 2.12153 7.2314 0
-8.55479 -2.21755 -1.85454 0.949199 2.7743 12.5395 2.73078 5.24091 1.95309 6.42127 -10.3001 4.85083 5.87648 -1.46496 4.59763 1.90454 0
-4.44058 -4.32735 -1.59333 -0.484348 4.37847 6.1899 1.26979 16.2085 -3.28702 2.30752 4.96674 -2.04217 3.58507 -16.2873 -2.59474 5.2103 0
-2.71293 0.187425 -3.17269 -2.22803 17.3096 9.52298 8.28368 10.8302 0.384098 -6.35467 2.51791 1.24495 10.4383 -10.8311 -3.13078 7.0354 0
-10.1934 -11.1947 -6.49881 -8.23904 8.21973 15.207 -0.640148 -5.87027 0.582181 -14.9517 -0.0112535 -4.74718 6.15128 -11.7304 4.29318 7.87634 0
-5.66028 -0.729965 2.24194 -3.60521 12.0311 9.51731 1.5849 16.728 0.802739 -12.8548 -0.603203 0.00150642 0.255299 3.58907 -9.80227 9.18545 0
-10.5511 5.89028 1.98442 0.67293 6.09264 6.63978 9.4494 18.392 -2.16772 7.06135 8.38721 -1.16746 11.5271 -19.5677 -0.458734 0.226306 0
-11.8244 5.3186 0.839765 -1.48858 12.3347 13.0761 7.06694 11.549 0.661202 13.8585 -13.1819 -1.16027 2.45147 -3.97523 -17.8471 3.07215 0
-4.32361 -16.6017 2.78586 -3.45055 8.18174 10.9394 3.61312 5.16095 5.9541 -12.8853 -12.1882 -3.24225 -3.27984 -11.4357 -7.74881 3.41915 0
-17.8806 1.36107 -5.52199 -0.646058 8.41842 14.529 6.42356 1.08236 -1.16971 0.43046 8.51129 -7.06026 5.75767 -5.35814 -8.52829 -0.40514 0
-11.0885 -4.3012 3.83948 0.0161183 -0.845886 13.8791 5.25556 3.82012 5.35545 -0.773644 0.18835 -1.31989 0.772571 -7.06022 -6.76292 6.57181 0
-8.43956 -13.2994 -7.9971 -0.746732 14.4726 8.82946 0.423708 7.74707 0.745534 -7.71783 -6.05457 -1.35656 15.3964 -14.3868 -12.9448 3.62823 0
-11.5569 1.08559 -6.14604 -4.30359 9.63021 -0.43342 9.88231 8.63 2.61087 11.0044 -10.409 -0.569456 10.6206 -6.46379 3.89333 6.32201 0
-11.5825 4.98073 -0.763163 -4.48655 9.61552 6.6765 1.57858 4.65252 -2.22018 -3.9956 6.02838 -2.18507 14.1987 -6.99078 -17.5428 2.34304 0
-11.5834 0.132478 0.689193 -2.25579 10.7101 15.2594 8.63077 12.4551 0.953314 -13.4175 -11.1275 -5.58306 2.24158 -2.50242 -23.2024 4.30543 0
-10.3238 5.88637 -8.22796 3.87278 6.27151 13.8379 1.74 3.77402 7.71924 1.8455 -5.73276 7.54709 12.95 -2.11046 -9.68712 5.05264 0
-5.20666 -6.64349 -2.63976 -1.17553 8.75782 9.76837 6.01642 0.844371 1.41348 1.41049 -1.71086 -1.46477 6.38856 -7.35354 6.59301 5.28182 0
-10.8449 -7.69108 -8.31487 -0.0113954 7.83478 6.0321 3.57167 13.5358 -1.61447 0.129121 -8.90984 -7.16676 6.53595 -9.8716 -1.77922 2.9018 0
-6.66329 -16.5209 -2.67155 3.11126 6.85713 1.16573 -2.22865 2.38942 -3.01849 5.68011 -2.17644 3.20074 -1.439 -5.06177 -16.0554 2.55906 0
-3.64844 -8.39514 2.5714 0.193179 -0.601646 6.07546 10.3462 -4.1074 2.56778 -9.00795 -6.22265 -0.301471 -0.861476 -10.2396 -8.19398 6.85283 0
-9.11764 9.04118 2.72665 0.520392 8.30372 5.6377 0.602313 14.5594 0.91789 1.14339 -10.7498 -3.40361 2.24643 -2.42309 -6.33079 2.62914 0
-6.43469 12.2282 -4.93024 -6.90376 7.98026 11.1464 5.28692 13.2085 -1.76721 -4.48731 -3.29302 1.44633 16.0513 -2.90701 4.04478 2.88137 0
-12.5496 3.1228 -3.821 2.64728 8.79056 10.892 -0.354213 15.9431 -0.277594 -8.14043 -18.3085 4.31996 16.7128 -5.93901 -17.698 2.85189 0
-7.02708 4.05001 -1.08309 3.03956 7.24216 6.63742 3.76425 7.0966 -0.166647 -12.0548 9.47672 -2.55906 9.8548 -14.7057 -7.83805 2.87616 0
-8.68632 2.08733 -3.20027 -5.77628 12.9842 8.53819 6.25921 8.5951 -2.82243 -2.74435 -12.2584 2.22405 6.60813 7.30038 -15.8043 5.6788 0
-12.7155 -9.49887 -4.19119 -1.22202 9.38885 8.26617 1.26745 9.20811 0.527003 1.35325 -2.24474 -5.08373 1.03279 -0.933157 2.94592 6.66955 0
-7.44593 -15.2699 -4.16106 -3.13977 12.6997 9.11496 0.0148473 18.4553 3.59921 -19.3624 12.6169 5.4032 -1.17001 -9.67433 -7.44495 2.52209 0
-8.54057 -18.0689 -4.11411 0.608419 13.1934 9.02207 4.74253 3.42362 4.68003 4.74953 -10.4381 -1.46983 4.15091 -4.1661 -7.76411 3.08358 0
-5.16476 -15.2708 -8.07522 2.86973 3.65836 12.8259 2.65307 22.2724 2.23473 -0.812337 -10.603 2.00289 17.6371 -5.88704 -9.88949 7.96599 0
-8.39608 -13.6779 -2.78263 -3.87117 7.13732 5.44789 3.86252 18.7944 3.16572 9.72125 -14.0996 -3.3215 0.687163 -12.8183 -21.1734 3.06784 0
-10.1637 -14.3218 -4.60586 -2.52501 12.7665 5.00108 -5.00913 14.4464 3.72161 3.35064 -9.44572 -2.49705 -8.31056 7.29135 1.55702 7.29531 0
-5.47378 -8.13206 -0.567437 1.67885 12.028 12.8826 12.8268 8.43776 0.516087 -6.77902 -8.8171 -5.58413 7.94946 -9.79165 -15.5494 -0.312009 0
-3.36635 -10.1192 -3.72456 4.29352 11.4944 8.73305 9.70066 -8.13287 1.31575 -12.467 -6.62302 2.26294 13.7832 -12.3615 1.60748 6.38064 0
-4.95095 -16.0463 2.73428 -1.79689 7.7109 9.36754 4.82725 7.70618 5.30381 4.12975 -9.53062 -1.893 16.8335 0.666893 1.5798 2.12635 0
-13.608 -3.76958 -9.65466 -4.83499 9.49789 10.7788 5.13389 15.5608 0.640479 -11.2273 -14.3261 -1.84534 4.47427 2.40473 -8.2698 4.30731 0
-9.23445 -0.410212 1.01454 2.42113 13.0208 9.07203 8.36067 -3.8226 -4.18232 -7.32769 0.565344 -0.745841 2.76195 -13.8118 -4.97727 9.63087 0
-2.79527 2.87438 -1.41134 -1.56994 8.22227 4.73161 -1.13255 -2.9038 -2.478 -8.09037 7.97765 1.51079 15.8237 -3.31028 2.93344 7.27703 0
-6.62716 -18.6598 -6.2627 -8.06613 10.0128 4.42026 5.60605 10.3098 -3.40503 -2.92278 -4.43725 -3.53833 11.9296 -5.06731 -5.75185 6.07266 0
-11.8768 -3.34347 -3.10144 -2.24077 13.0597 11.9971 6.59777 0.00098063 2.43887 2.37446 -4.69441 3.18324 7.64774 -5.69527 4.54815 -0.0967841 0
-13.6243 -5.09286 2.52526 -1.00286 2.93228 1.03776 4.88943 8.37188 -3.37149 -4.69157 -3.87474 0.988615 9.71926 -2.45396 -10.4776 2.44749 0
-11.082 -18.3547 -5.82051 -4.69935 8.96664 10.0888 5.34732 12.8042 -5.68493 -10.5122 11.972 -2.36882 5.60366 -3.34404 -1.97128 8.29381 0
-1.94002 -8.3189 -1.36193 -0.140295 -0.292432 2.60013 5.38886 -0.696122 1.41511 5.9987 3.20349 0.896527 1.26635 -5.76813 -12.6058 -0.112284 0
-7.70366 -13.1115 -3.46263 -5.47297 8.10997 14.4082 2.09042 12.0778 3.69468 -14.1926 6.30135 -8.24563 3.62054 -4.5691 -7.22229 5.53711 0
-7.03645 -4.58755 -5.78909 -6.19808 11.9393 6.09545 7.21058 -5.80971 6.27779 3.0268 -3.71983 3.41314 13.7297 -11.9999 -5.513 0.928986 0
-7.33267 -5.1705 -6.62769 0.534125 5.3185 16.7658 0.405076 16.4916 1.78879 -6.97997 0.713312 -1.97319 15.9565 -4.81558 -3.06644 3.77539 0
-9.79736 -5.54328 0.740256 -2.8802 10.1347 9.87328 8.50985 9.59586 1.87628 -1.38536 -14.1911 -0.34797 8.89568 -9.42412 -1.59396 2.62493 0
-12.7141 12.7855 -1.63988 -2.32485 8.06073 7.7355 5.80332 15.5502 3.42754 -8.42077 -11.4852 -3.70102 0.622376 -14.47 -20.8118 3.77958 0
-7.50149 -2.3297 0.473185 -0.242993 12.1781 4.88137 4.15397 5.74967 -1.66769 -14.5292 -5.19848 0.402379 -0.170931 -7.27124 -3.88938 2.90377 0
-6.74175 -13.9336 -5.46287 -5.8535 10.4338 0.0982478 7.14715 14.3187 -2.82403 -0.556036 11.2432 1.97203 5.4571 -7.60742 -9.6987 5.72139 0
-11.0802 -1.07972 -2.876 -6.50726 -2.36669 7.73163 9.70537 13.8954 0.236532 -2.12958 10.3052 -4.51774 -0.515422 -4.49163 -3.02285 6.4426 0
-12.3631 -3.22289 -2.33604 -0.636872 7.6676 5.56514 3.02765 16.1828 -1.64323 0.33128 -6.13645 -3.11764 20.0041 -3.42696 1.14463 5.36339 0
0.254507 -5.79704 -3.68289 -4.80622 11.8058 5.00872 4.27455 17.546 3.74975 -14.0459 -11.1621 -1.06942 13.612 -3.81399 -19.9417 2.56318 0
-9.38751 6.61817 -2.97861 -0.298479 7.45257 6.3788 2.4354 7.26701 4.27329 -1.26325 3.41213 2.42729 10.905 2.10395 -15.1869 1.50392 0
-2.9692 -9.52009 -4.15387 -4.93732 1.64458 6.15675 3.68473 14.0311 0.970684 -4.25715 -10.3604 2.68683 4.43236 -8.38233 -11.7206 4.54371 0
-10.8533 2.65809 -2.37427 -1.27699 12.0563 4.83535 1.40219 7.84981 0.892178 9.81431 1.3168 0.393243 6.60541 -7.26466 -10.8202 5.92526 0
-11.6387 3.00021 -1.18972 -3.25358 9.5882 3.93325 3.85129 2.75187 3.91627 -6.13402 -10.1727 -0.665559 8.52982 -2.11473 -0.224131 4.76464 0
-13.6042 2.07777 -5.51556 0.217816 9.84804 4.06911 7.75931 -2.34269 1.80338 -7.83705 -10.0871 4.75681 1.50199 -6.21857 -6.71015 5.6325 0
-13.7492 -15.1226 -6.4433 -0.604142 11.4454 5.0006 3.83388 0.859836 0.203638 -11.0026 0.83661 -1.57192 5.82609 -10.006 -29.1844 6.97226 0
-13.8587 -9.17037 -0.0355151 0.806888 7.65691 2.95261 3.81794 8.29384 -2.86137 1.26555 0.561804 4.87384 6.18156 -11.5469 -16.487 3.99317 0
-11.8173 -5.68309 -1.49492 -4.45436 2.34328 8.21269 -2.99822 3.76021 -6.47841 -7.8521 -3.42963 -0.25112 8.22041 -4.71395 -11.2942 6.56423 0
-8.04761 3.02085 -8.55432 1.80527 9.43214 4.65625 -2.29753 1.72207 -0.411905 -1.25853 -4.92393 -3.64852 9.95272 2.08827 8.9484 10.3037 0
-9.46007 1.04087 -1.20457 -3.90701 15.5665 4.08127 6.99641 20.6924 1.74897 0.023468 -11.5126 -6.25054 3.37906 11.5489 -1.74177 4.74617 0
-10.0969 1.97267 4.06739 -7.61255 -3.89872 -5.0316 -1.68257 -3.68702 -10.2615 -5.7621 1.81771 -7.17359 1.97283 1.54116 -1.62387 -15.9919 1
-25.6809 2.48122 8.35852 -9.05382 0.387979 4.46778 10.1746 1.87183 -11.186 -5.51659 5.7615 -0.0772138 -5.71917 1.43933 -0.187163 4.27362 1
-13.5058 1.44439 3.20659 -11.2299 -3.96024 -4.735 10.8817 -2.74141 -4.9554 -6.08902 5.54368 -5.57116 6.00252 3.58184 -5.93982 0.281316 1
0.226738 4.51992 3.66407 -7.0159 -4.49394 0.485305 0.628301 2.58041 -4.83639 -6.76077 1.47715 1.27308 6.32468 5.26729 3.41325 3.43048 1
-1.30226 3.85944 3.46984 -8.68404 0.908726 -0.279935 6.44739 -3.60954 -12.4447 -2.53013 6.52385 1.0308 1.48753 7.11295 -8.04333 -5.43295 1
-10.5507 5.20418 4.28359 -11.2517 -3.48318 2.78102 10.3236 -3.86449 -5.07948 -6.68221 7.39796 -4.5431 2.22685 1.19231 -5.73448 4.13443 1
6.81332 -0.102135 -2.38532 -9.27705 -9.65002 -6.07417 20.7541 -2.95967 -7.84942 -7.72488 5.16344 -5.93395 -0.639546 5.7394 0.807743 6.81549 1
-10.9177 2.06218 4.36406 -9.82948 -3.96731 -1.46784 6.19068 -0.607328 -6.72297 -12.7316 5.07342 -4.98299 3.39436 -0.266429 -11.6587 0.708385 1
-10.7744 3.42035 4.79154 -7.13005 -13.5337 5.29195 -3.61701 2.24374 -8.05936 -1.82021 8.47392 -5.65539 2.01912 5.13021 -6.16672 -2.72206 1
-10.1947 6.44329 2.33861 -5.95804 -8.26939 -4.8177 0.960285 -4.00689 -4.3591 -1.27198 3.03148 -4.04218 3.50982 1.53299 -10.9366 6.2305 1
-11.5776 1.4719 3.90306 -13.1979 2.1603 7.57281 11.8399 -5.46053 -11.4247 -5.41344 6.56853 -3.27685 1.83973 2.8351 -4.66521 -8.67297 1
0.192273 2.04784 5.15423 -12.6756 -9.7736 -7.50236 19.9497 -7.44744 -5.08103 -4.48559 11.8524 4.31718 1.49447 3.29423 10.3169 12.0172 1
-11.7171 3.72621 4.95343 -8.17891 0.981302 1.90828 18.8307 -2.347 -0.890313 -10.6799 10.5133 -1.23115 1.56605 3.55888 -5.63149 7.8757 1
-6.81216 1.08756 4.7656 -12.7867 -2.4235 -7.13852 -5.5047 -5.67935 -8.77708 -3.32435 13.0224 1.51085 4.97781 4.09007 -3.59047 12.7685 1
-14.4413 0.145672 6.07762 -12.3441 -10.7243 2.2636 11.8312 -0.470562 -3.14447 -6.07434 6.41668 -1.57736 -1.99991 4.18681 3.92004 4.84349 1
-3.66548 1.06223 1.54296 -13.2252 1.18757 -2.98855 3.13303 -2.304 -8.87167 -5.25613 8.58231 -8.94444 0.44235 5.37462 1.98421 0.973776 1
-9.34747 1.88779 1.23876 -12.2927 -7.5257 -4.04363 8.62925 3.28174 -5.6956 -2.40526 7.93814 2.91309 -0.397308 5.67809 -0.563097 11.8968 1
-17.4532 -0.20251 2.64112 -11.9925 4.86073 -12.0087 5.94364 -2.447 -2.39425 2.64777 3.11529 3.36281 4.47737 4.32465 3.23756 7.87967 1
-14.7582 2.91921 6.29842 -9.47318 -6.5212 -3.55141 4.83887 1.78494 -7.21931 -5.39794 8.86157 -0.349517 0.356426 1.15113 -4.33738 -1.02643 1
-13.0645 3.39102 4.48899 -13.8578 -17.8093 -1.84738 2.7825 3.65737 -5.13802 -5.75013 9.25431 -6.38245 1.0344 -0.314543 5.06558 13.7918 1
10.168 5.70249 3.03997 -8.08997 -2.49374 -2.66182 4.40784 -5.35317 -2.73864 -3.05852 10.7084 -1.98139 3.41717 -3.83359 -6.79609 -0.73499 1
-8.50169 0.795711 7.88143 -10.0404 -17.2649 4.71983 -5.96039 -0.228628 -6.2575 -7.57125 6.55068 1.00528 1.18707 4.30559 -1.55959 0.857088 1
-1.94568 -1.34474 3.53727 -8.31039 -11.1542 -2.31926 -0.140896 -3.05475 -7.49696 -3.62912 8.25679 -6.89369 2.05526 3.16997 -7.80075 4.95112 1
5.41806 1.3524 7.43041 -10.2423 -7.58283 -4.85502 9.13243 -6.07375 -7.39249 -4.47924 9.72007 -1.33292 -0.121192 4.48076 -2.08643 9.03893 1
-22.5326 2.74249 3.42287 -11.282 -5.27035 -15.58 11.5877 -2.02384 -6.57193 -5.31493 11.3263 -2.1191 0.629641 4.68481 0.425943 -1.90201 1
-14.1527 2.78658 3.49167 -7.75707 -2.84838 -4.13901 13.9057 1.75393 -5.5233 -4.84178 7.57726 -5.22065 0.967365 3.70788 -1.52031 -13.3261 1
-14.1085 2.01021 3.75396 -7.1453 -1.76383 2.28625 13.0558 -1.38456 -10.3286 -7.79923 7.58483 -6.36275 -0.99461 3.56947 3.51785 5.34592 1
3.79285 3.74998 3.55088 -6.22776 -3.96857 -2.6089 10.9432 -4.27751 -9.15936 -7.18035 3.88554 -3.57913 4.17934 4.27956 -3.03572 1.37174 1
-11.3403 1.33506 4.82041 -11.8106 -5.76717 9.93822 6.7604 1.15293 -0.821891 -3.25022 3.28684 -5.00054 -2.72857 1.49323 1.96892 6.44999 1
0.805917 1.99381 5.33641 -13.5576 -2.23141 -9.14799 -1.30799 -3.74707 -3.0649 -11.276 11.7542 0.818185 8.72996 5.71518 -1.03063 0.0969548 1
-5.47939 0.0824812 9.57515 -6.98817 -2.58463 0.0551335 9.66377 -0.283812 -10.089 -5.95447 11.9827 -6.0909 2.36876 3.84119 0.180272 13.5981 1
-14.0435 1.24169 5.07398 -14.05 -2.72541 19.1916 10.814 -4.55602 -10.5535 -6.38218 6.37149 -7.70398 1.54873 0.837287 -2.19658 0.322697 1
-14.8133 -1.3389 2.79011 1.68151 2.01127 4.00483 10.3513 0.799108 -8.49954 -0.462784 7.58242 -3.36189 -1.3791 0.749762 -14.8667 -1.51126 1
-14.0729 0.993893 3.88143 -5.94729 -8.11927 -6.86673 0.868457 1.5179 -4.65598 2.79229 8.87081 -5.0712 1.02034 3.96259 -9.60296 12.9891 1
-11.9796 -1.32144 6.46999 -10.7082 -0.237666 3.86025 -8.61262 -4.03085 -9.41044 -7.21715 9.74876 -0.0795645 4.12809 4.71621 0.648379 0.543201 1
-15.8567 3.93237 6.39724 -9.03245 3.35166 0.458917 4.96099 -0.182662 -4.19507 -4.51471 11.9492 4.09602 -0.0995816 5.28838 -12.5709 4.04324 1
-7.71284 1.82435 1.31869 -10.0795 -10.3609 4.9605 11.2674 -1.22739 -6.03963 -8.56554 4.91497 -3.45647 -1.85719 4.83907 2.88528 3.19619 1
-9.12792 5.70984 9.5534 -10.6443 -5.60774 -1.00736 10.7553 -3.06409 -3.41925 3.53502 6.97659 -2.37372 -1.04111 3.39721 -7.88194 3.91707 1
-1.46435 4.82868 2.80438 -12.709 -5.43496 3.74668 2.36193 0.880546 -1.6716 -4.451 9.5761 -6.62457 2.70816 4.60265 0.693773 2.56175 1
-3.44264 6.04913 3.4788 2.77765 0.663151 -9.43692 13.1455 -2.84106 -12.7468 -0.713479 5.21433 -0.838839 0.477541 5.8278 -9.11029 5.20485 1
-18.2647 7.60828 8.00388 -6.00381 -5.11139 0.194269 14.9899 -0.131147 -17.5501 -9.00483 6.02211 -7.32695 0.92417 2.85434 -8.64023 3.17307 1
-4.60588 6.06982 4.10217 -8.63283 -4.06402 0.757854 8.67485 1.6318 -9.51805 0.381248 6.33796 -5.87994 2.2369 3.46788 -15.4105 1.66561 1
-5.96687 2.24703 6.55554 -5.96505 -6.70783 -0.916525 -1.51827 1.87919 -7.54734 -1.3795 7.75376 -3.60501 -0.0958964 4.16235 -3.17141 6.24486 1
-9.54162 4.57583 7.69349 -8.07618 -6.33376 7.80065 -4.70843 0.353036 -9.38721 -0.52417 4.35179 -11.6195 0.900426 0.578768 -0.650348 14.3968 1
-14.997 2.51539 7.13125 -8.86481 -4.96688 -4.92183 -1.07694 -3.82448 -9.18435 -3.29004 5.2608 -5.01081 3.84655 3.2858 -0.539342 16.15 1
-14.9695 0.629219 7.9919 -6.65841 -3.68864 1.33763 4.46793 -3.84251 -3.86466 -1.41565 2.62859 -0.335991 3.55016 -4.5953 -12.4389 2.77528 1
-17.0769 0.380306 2.55112 -10.3983 -2.18212 6.55229 3.06563 2.58267 -3.84901 -5.07845 10.1666 -6.95349 -1.33595 3.33617 -19.8514 2.62907 1
-7.88662 7.98553 6.73026 -14.5258 -4.32458 -0.61383 12.4754 -5.82141 -8.63953 -4.66468 5.9848 -3.12197 1.99138 1.5854 0.696609 -4.57607 1
-12.6151 3.75315 5.40441 -7.4057 -2.11959 0.910233 27.2157 1.19853 -3.56203 -5.85234 5.35901 -2.66434 0.966858 4.90111 -6.21226 1.74318 1
-14.0484 4.80256 6.94431 -6.76569 -1.08585 -0.585788 7.37861 2.2051 -8.07164 -5.51103 5.22936 -4.51669 4.36701 1.40818 -8.27975 -3.48291 1
-10.468 2.42634 3.59275 -6.69176 -7.91454 -7.63625 -4.92817 -10.2265 -7.15428 -6.70974 13.4024 0.123887 3.57938 4.09937 -8.22645 -12.081 1
-17.0331 1.22653 4.43928 -10.3439 -0.31218 -1.21835 16.7018 5.70737 -2.54553 -3.84365 4.68119 -3.01244 3.87383 2.26726 -5.13008 -10.0601 1
-6.62423 -17.3892 -5.08146 9.25558 -8.41442 -4.91231 -11.1027 3.99241 2.12602 7.59405 11.7043 11.8153 7.83728 -13.6546 11.9208 1.3316 2
-5.35171 -10.0154 0.531914 1.71914 3.81771 -7.06098 -12.0201 6.44024 1.33699 4.7922 8.54677 0.970884 -0.815013 -7.52845 8.76627 2.71501 2
-4.81558 -5.96705 -4.95607 0.222606 -13.4881 -3.40148 -7.57052 3.52418 3.08637 1.26703 8.05661 -1.53332 1.18241 0.411798 8.51285 -0.940823 2
-0.00561811 -6.64736 -8.28402 -1.01136 -6.07949 0.279709 -11.6729 15.5645 1.04897 2.19351 8.46987 -2.97964 4.44731 -9.95861 2.33085 1.42486 2
-2.23863 -8.30133 -14.6896 4.36737 -3.12686 1.17131 -5.62477 24.1061 -9.59368 8.51895 8.29557 17.2163 -7.43361 -0.960073 7.00576 5.41248 2
-6.87182 -0.506505 2.36774 9.77963 5.19641 -0.0159388 -9.09857 17.8962 2.57458 6.90585 6.85859 20.409 -13.0577 3.24301 4.09063 0.0601039 2
-6.39546 -9.85539 -16.2801 12.1626 -1.41931 -2.84355 -8.61268 -7.70209 4.26421 6.36035 10.1168 12.5223 4.56719 -5.84834 10.227 2.93704 2
-5.0307 -12.7023 -5.46621 9.47509 -5.37211 0.831635 -11.7397 9.20938 -18.0018 3.6812 6.14146 1.56574 6.81586 0.101148 7.80126 3.17265 2
-2.31397 -10.0677 5.39733 3.05449 5.63069 -0.757141 -9.49979 13.1243 -4.05253 8.60075 7.54056 5.26499 -1.75937 -5.33463 -5.44827 0.0758237 2
-2.24999 -3.14349 -14.0533 5.36929 11.02 1.64328 -10.1992 1.97034 -3.63689 6.52144 5.58846 -0.0328034 5.30724 -5.49475 7.44831 1.68145 2
-2.92292 -12.7734 -12.6021 11.4809 9.17128 -4.15569 -12.1747 7.49294 0.49868 5.61843 7.79032 14.83 -3.4188 -11.7017 14.596 6.32721 2
-1.92465 -11.0302 2.3535 4.50235 5.92559 -3.91389 -9.88671 13.4144 -10.643 1.41596 9.10764 14.3579 9.86832 -7.05799 9.03103 2.58897 2
-5.86202 -17.9336 -14.1795 9.57354 -3.30346 2.91049 -9.85512 -7.57261 0.503083 6.70232 8.42142 6.53927 8.60121 -6.52435 7.96881 1.9462 2
-7.15768 -6.74405 -12.7327 -2.62386 0.86612 -2.119 -9.97197 10.8671 -10.8164 6.0897 5.42066 15.3755 7.6151 -3.06439 3.52916 3.73475 2
-6.603 -7.804 -3.74182 5.119 -4.78104 -8.95034 -10.739 6.72502 -3.47834 8.37217 8.39463 -7.89123 -0.47633 0.0953895 6.29963 3.46884 2
-3.55248 -11.4723 -9.57358 3.66344 -2.17129 3.32139 -12.2125 -11.1398 -6.50895 4.9557 3.80364 14.6786 -0.0115731 -1.93741 2.01721 0.967141 2
-4.34767 -3.21135 -8.54476 13.9873 -3.44667 -6.87902 -10.5792 -4.1454 -11.6283 8.69005 9.88023 11.4932 6.40309 -5.86716 10.7856 -1.08807 2
-4.1716 -13.7569 6.91765 -0.0073225 -3.26417 -1.3107 -7.14558 7.50777 0.405961 10.1397 13.4114 8.48251 4.79732 -4.41234 6.61561 -0.377752 2
-4.02069 -12.0623 -2.53452 7.99811 -1.83428 0.946134 -9.2706 16.3468 2.76396 5.54228 8.77383 9.904 9.58355 0.543155 4.77053 2.6169 2
-1.81129 -10.6944 1.24177 19.1821 0.666378 -1.23347 -10.332 5.9893 -3.31466 3.55397 7.62361 16.4016 20.7224 3.54342 1.55705 1.39277 2
-6.4674 -7.19485 2.77293 9.71899 4.3143 -4.59981 -11.9698 6.34811 -5.89074 10.6176 8.5857 -3.38558 0.390992 -5.86072 6.42635 4.26884 2
-5.08133 -6.55646 -4.92377 8.42736 -1.00832 0.593197 -9.86317 19.198 -19.2281 6.88101 10.5618 22.8178 15.2012 -5.69894 2.01758 -1.6599 2
-5.52232 -16.6038 9.43638 15.196 1.96138 7.71677 -11.1766 13.9445 -4.23616 4.21413 7.33411 -7.45033 13.7794 -6.34558 15.6235 0.770312 2
-8.36603 -1.56388 -1.62501 -0.690821 1.06098 -0.920451 -10.6696 13.2971 -2.30292 13.1168 7.52867 -1.13044 15.3852 -4.37673 6.98986 0.852724 2
-3.8949 -12.7706 0.574292 -0.387102 -0.317313 -3.72324 -9.70338 10.0787 6.26528 2.98458 9.51968 3.6225 6.40784 0.418791 -0.353906 -1.05809 2
-4.78011 -13.5954 -6.13386 5.19792 3.12777 -2.10453 -9.60441 23.1223 -3.09446 7.50351 6.2094 -4.12213 -0.739457 -3.99409 9.90497 2.97813 2
-3.95356 -6.8006 -9.80932 1.14459 -0.369048 -0.97448 -9.68973 5.9387 -5.0531 8.95033 11.5227 13.6665 5.12687 -5.2139 7.26615 2.211 2
-2.67737 -7.16879 -1.1955 0.683825 -0.371971 -6.32673 -9.10056 8.10021 -10.4471 6.71133 8.79581 9.59605 12.139 -4.34498 7.28871 2.06736 2
-4.77029 -8.45153 13.0461 7.07646 3.658 0.468391 -9.23933 21.4027 -9.55317 4.13069 8.72855 1.11708 1.76271 0.903774 5.45552 4.68506 2
1.32327 -15.813 2.48564 7.07784 -5.9535 2.83189 -12.6011 2.06554 -5.46861 5.24175 9.24009 -3.03648 9.46903 -2.50903 9.33411 4.2196 2
-6.06424 -3.64154 -14.2325 2.57132 4.00713 0.480344 -4.81304 -1.42021 -6.82174 6.62414 9.95037 -4.4734 -1.48076 -2.42094 2.89887 2.67011 2
-5.4163 -3.25022 4.0122 2.32592 -3.71589 -2.76652 -9.38993 8.64687 -4.42318 10.6798 8.31024 17.0822 -2.44829 -5.83396 7.43462 0.40362 2
-3.52447 -13.4635 4.57807 18.2722 3.16935 -2.1818 -11.0446 11.2286 -9.23294 7.06163 8.54345 0.491814 -0.867496 -7.07429 7.43364 -1.55226 2
-1.49239 -10.0009 8.16305 19.8146 -0.163884 1.51787 -12.0648 9.92425 10.2183 4.61813 6.13853 8.59395 4.12939 -2.66772 5.88511 2.42258 2
-4.17223 -13.7088 -1.22413 7.94737 -0.238231 -4.7966 -12.8382 13.0192 10.1154 5.24719 11.6595 4.52286 0.796745 -16.9359 9.22081 0.464097 2
-2.11953 -15.344 -6.37395 0.296668 -1.88292 2.54536 -9.52391 21.1643 4.87856 6.34069 9.44856 -2.09405 -8.23205 -5.36036 4.31429 -0.212217 2
-4.75289 -12.6371 -0.516273 -1.82074 -2.35855 3.15222 -11.4005 20.0168 -6.69893 7.35658 8.51956 9.33942 -13.5947 2.5571 4.68722 1.34403 2
-6.01522 -10.9116 3.56851 6.62929 -8.32071 -0.826371 -9.07338 1.41616 -2.79499 3.37361 11.1167 11.5447 5.9674 -0.396883 4.47962 4.59531 2
-2.43363 -2.72265 -5.91132 7.57602 -0.213886 -0.266854 -11.8041 11.602 -2.00606 6.04983 8.82977 6.70675 6.58897 -5.24319 7.1483 2.05199 2
-4.80538 -7.78677 0.378303 0.58639 1.54344 -2.69063 -9.35902 5.35611 -0.739514 6.4872 11.4441 4.9657 -0.136411 3.8599 3.69086 -1.29465 2
-0.564679 -8.85255 8.86666 4.09524 -3.59157 4.5538 -8.22437 19.5605 -20.4718 6.55561 7.61144 -2.13304 3.55455 0.35008 6.42478 -1.04178 2
-6.96795 -4.94374 -5.72302 11.3062 -4.37546 0.451078 -7.55898 9.08475 -14.5657 2.02014 8.38395 8.27331 8.03445 -1.06173 3.04505 5.13717 2
-4.5869 -8.59439 -5.46892 7.35273 -15.1615 -8.36146 -9.93766 -3.98238 -6.46718 4.32825 10.6189 8.10631 -2.24716 -3.57535 8.12502 1.73285 2
-5.5717 -3.27545 -2.96871 4.11672 -2.2614 -1.56281 -12.8496 1.09565 -0.113249 8.20246 6.98639 -4.89653 11.8967 -4.04687 4.28908 0.0370364 2
-3.82388 -3.41192 2.60487 6.31631 3.12639 2.32787 -8.85835 -4.75894 -0.383315 1.3873 9.78445 14.9064 3.57482 -2.78959 7.14206 -0.129223 2
-3.49101 -10.3281 -9.36195 4.63397 -7.86852 -0.538815 -10.4459 5.0151 -3.9471 3.38374 10.3618 2.13315 1.84011 -2.13273 7.88781 1.5881 2
-2.08075 2.04953 15.624 15.2194 -1.02342 0.883805 -9.24746 17.1303 -14.2501 8.24922 9.41847 -2.72286 8.93545 -8.65749 11.4804 5.30579 2
-3.97401 -7.62462 -10.4433 11.3051 1.79486 -4.204 -13.0799 16.0629 -2.22399 6.93953 9.31168 4.01769 3.36252 -7.98825 1.08205 4.93201 2
-2.29448 -15.7479 -2.23837 1.68408 -3.07596 -1.14665 -11.7606 6.25825 0.294123 1.57432 8.58462 -3.90023 5.42149 -7.02092 5.68459 2.62859 2
-3.6188 -3.51064 10.1202 9.97927 -1.52663 -3.76162 -14.4318 -0.0132246 -7.59318 6.04871 11.0327 8.69938 -3.98601 -13.3448 8.81581 0.307303 2
-5.17967 -9.6997 -12.2552 7.41276 -7.55764 -2.27103 -10.538 7.97067 -9.37917 11.2797 10.4601 -0.557663 11.4972 2.59434 9.75369 5.54022 2
-4.67936 -11.9192 5.54672 12.4562 -5.34104 -2.60653 -11.6877 13.4384 -18.6285 8.89074 8.82464 16.649 9.61106 -0.812094 4.6574 2.21533 2
0.0384522 -12.668 0.518664 3.83801 -3.64645 0.566571 -7.0474 20.8378 -0.734891 10.0792 10.4074 15.8174 3.53635 -11.3514 8.23741 1.60713 2
16.863 -9.45013 12.7727 -4.17059 21.4223 -2.53663 6.67773 4.25084 0.566287 -8.98169 -2.17957 -6.81962 6.02768 -1.95887 9.33874 0.629773 3
11.6446 -6.32689 12.781 -8.62328 4.86292 -17.2216 6.71432 -2.12885 14.5936 -11.9019 0.00200664 -7.3191 -2.47192 -5.31576 7.87159 -1.90728 3
8.11656 -7.93947 12.4714 -6.75067 11.2904 -15.9021 5.3088 3.27719 -1.34606 -5.19526 9.95995 -8.55594 12.5249 -1.94584 8.37493 -1.1371 3
5.30161 -10.5266 5.26779 -3.60088 13.4477 -16.7573 5.96018 4.43306 6.38504 -8.86776 4.8561 -0.168141 10.3011 -3.99268 4.6379 -0.764896 3
5.75307 -11.3951 9.58986 -8.84685 -4.37398 -8.25926 3.10721 1.4414 3.05013 -9.22553 0.147516 -2.80674 -7.50478 -4.30228 2.14069 -7.14792 3
2.71132 -8.84549 3.82349 -5.88826 -8.1861 -4.26093 -5.81717 5.03019 2.9873 -14.3454 2.14128 0.447339 9.52418 -3.38413 11.4031 -0.173111 3
14.8276 -7.61467 3.18673 -4.92778 -6.15999 -14.7349 3.48768 2.0088 15.0881 -7.4262 -10.9043 2.16465 8.68125 -2.05891 10.9941 -3.93942 3
7.13823 -11.3711 2.3281 -6.15334 -12.9168 -1.86022 4.89641 -0.285881 -5.89834 -18.7634 -1.40726 0.191858 9.07461 -0.247011 8.09447 -1.04808 3
1.50495 -7.83147 15.7159 -8.18202 -5.12103 -9.70189 5.10746 -0.371322 20.8213 -10.1789 -0.471453 -6.43726 10.0845 -2.40011 11.4988 4.6808 3
19.3776 -11.5817 12.9381 -7.20338 2.76133 -15.9771 0.331879 -1.53802 13.0293 -1.91906 1.2358 -3.17505 31.6449 -2.65197 6.19112 -0.447593 3
13.1723 -10.3349 6.5469 -6.73022 -3.15219 -9.46521 2.1691 0.615181 11.4563 -4.16013 -0.902542 -7.3815 1.52929 -1.30736 9.20192 -1.74411 3
24.9935 -10.1255 9.36719 -3.49385 11.7099 -10.401 3.63114 2.68368 8.56209 -8.75512 -11.5327 2.67812 9.66658 -2.3767 12.8087 -1.65289 3
-4.26907 -15.4866 1.51063 -5.43229 -5.57645 -5.83943 1.35004 5.3296 -4.63413 -6.17814 -0.0234829 -0.255764 -3.5886 -3.90766 8.52749 -1.97521 3
2.74009 -12.9649 2.83303 -7.27234 6.32955 -3.5584 3.38193 0.62004 8.18685 -6.85338 4.20562 -2.09478 10.5377 0.721845 7.14442 -6.43089 3
13.7204 -8.22561 4.3605 -6.70042 10.5292 -7.89741 0.0157511 3.85177 -4.22283 -0.503278 -0.897505 -11.6811 0.754701 -4.2528 9.8144 1.31907 3
16.8236 -10.3716 4.87387 -5.82042 -0.679289 -5.8223 1.54552 2.1586 0.342328 -13.1926 -0.613143 -1.79467 0.448434 -3.95287 10.4475 -3.53507 3
2.8423 -6.1038 -1.98356 -0.95163 12.3244 -9.77712 7.26625 5.03052 4.0167 -6.61988 -3.20664 -8.03523 1.74685 -0.720093 9.60303 -1.34745 3
-2.15372 -5.15544 1.61787 -9.0631 -3.23096 -15.8632 2.36043 6.29769 -0.677488 -10.9207 -8.40558 -1.50966 4.02728 -1.19838 7.89117 -6.4001 3
7.63292 -10.0331 3.71425 -3.38855 -15.1882 -21.8968 4.77152 2.37372 17.9451 -11.6695 5.83467 0.132135 5.77458 -4.1536 12.4273 -5.24705 3
4.44545 -7.11765 5.94996 -6.64721 18.7213 -11.2273 3.70051 4.76269 11.6891 -5.00893 -2.98996 -13.8702 -6.05324 -2.46381 5.97303 5.46853 3
18.3659 -13.7159 3.86125 -9.29965 3.86104 0.946286 4.06089 8.07617 7.48166 -6.32772 10.4019 -14.7689 -8.59997 -2.22 6.70024 2.57215 3
14.7754 -7.04356 14.8084 -4.19513 0.870353 -6.06708 3.12561 3.51919 9.59538 -13.251 -0.547258 -1.82663 1.72857 -0.798547 5.54827 1.4416 3
20.7159 -5.48193 4.27261 -3.62399 6.44247 -7.87605 2.05661 -3.13044 10.0342 -5.89247 5.72613 -5.9023 -2.93467 0.300624 9.52801 -2.75857 3
12.6145 -9.57357 16.8243 -5.67542 4.03401 -5.51358 2.48418 5.28126 -4.29517 -12.6345 4.58186 -14.9097 13.9775 -4.17725 15.2193 10.4925 3
9.52238 -11.1367 12.5198 -6.31757 -6.20016 -8.34609 1.09619 -0.288633 5.95527 -15.6683 5.26464 2.33495 4.89312 -3.181 8.07209 0.127989 3
0.0810478 -8.9872 2.29035 -5.76811 -0.314672 -17.5048 0.14859 -0.600566 23.3732 -9.95495 -3.00307 -13.404 8.06761 -4.06973 14.9693 -2.36818 3
4.52816 -14.7295 3.45695 -4.74575 15.207 -7.82134 4.31334 4.05801 14.4352 -1.52686 -4.87047 -0.0644642 10.6799 -2.90719 11.4371 -6.60686 3
13.0044 -16.7879 24.116 -5.72501 12.2127 -8.61462 6.31364 -1.36436 4.57452 -5.04048 0.82283 -2.4181 7.88058 -4.38294 8.49854 1.65225 3
15.2714 -13.4127 4.2977 -11.7867 -10.9475 -12.4225 4.19528 3.86131 8.5098 -4.39857 -10.726 -14.439 1.32046 -1.38716 15.6473 -1.50608 3
10.0982 -11.2743 9.73279 -8.09137 -9.30351 -5.61148 -1.24572 7.40764 19.4633 -26.8178 8.8146 -1.11711 4.10761 -0.152323 11.8406 -6.28434 3
-5.64571 -7.69165 3.55412 -8.11832 -18.0729 -12.6109 0.0471476 -0.336452 3.81341 -12.6892 -1.72765 -4.31662 -0.502389 1.81412 5.79034 -3.34454 3
12.9256 -8.16685 -2.73312 -7.18627 -3.37543 -8.22498 4.42571 3.95923 -7.95289 -2.25128 3.99171 -7.02599 18.9022 -0.0190006 8.54228 0.926073 3
5.36339 -13.3875 6.63053 -5.49428 -3.89773 -5.9525 8.6581 0.675823 1.15467 -7.14985 2.26755 -1.33979 18.8692 -6.55059 4.67665 2.49189 3
0.432269 -10.8962 14.7758 -8.22506 -12.1617 -15.7743 6.19767 3.72862 -9.25293 -7.79165 7.27966 3.16335 -0.722089 -2.48049 10.2099 -1.47785 3
7.26851 -13.0534 7.00171 -8.24119 1.04472 -6.45835 -0.926642 2.95889 18.9692 -9.83381 -8.77357 -3.98387 13.0824 0.172748 14.9671 -5.44879 3
-0.343473 -12.9231 1.9014 -5.67208 -4.04215 -4.57965 -0.192624 1.79037 1.49374 -11.1023 8.27271 -7.79939 2.39656 -0.320874 9.70039 -2.72862 3
8.56348 -9.57695 0.631257 -3.72523 4.44411 -9.37922 1.81716 -1.09507 3.95164 -9.27186 12.3126 -2.21352 12.9419 -3.10474 10.0849 -2.52734 3
-5.30759 -9.27643 10.5617 -6.54118 18.7648 -9.30109 6.47904 1.94828 13.2003 -11.8489 -0.456124 4.03396 -2.70122 -1.78318 12.7081 -2.48027 3
4.86984 -6.6402 -4.28796 -7.13598 -3.71675 -15.6731 3.89203 6.14723 0.367574 -5.42116 -3.25161 -10.0241 -4.12334 -2.01461 9.35059 -7.2162 3
7.10642 -13.4502 10.7715 -7.9806 29.3725 -11.7661 10.3983 2.67639 8.19258 -10.1871 -2.53658 1.48803 -11.8466 -1.246 9.771 -1.88432 3
3.09845 -8.60588 8.25451 -9.37429 0.16319 -2.1057 -0.251964 -1.31419 -0.224177 -11.7196 0.0857643 -5.58392 4.48905 -3.93095 11.7186 7.26674 3
25.9901 -9.65388 9.42909 -6.976 -10.5601 -7.50467 11.6465 0.997768 16.0688 -5.57787 5.46916 -6.22089 7.7113 -4.21693 9.42586 -3.18089 3
3.45196 -8.55316 15.0513 -7.34344 0.13049 -0.940063 0.323065 4.32818 11.6561 -5.30442 2.02225 -4.7827 4.6246 -4.30035 11.8868 2.74278 3
9.96576 -11.0258 7.35757 -10.4997 -13.0228 -7.25059 4.53634 9.64591 -1.27366 -12.6555 -4.75656 -4.44171 8.86594 -6.41231 9.25247 -3.64846 3
8.39373 -8.39847 4.27552 -7.90502 4.67712 -18.2857 2.07398 0.326327 -6.95849 -4.25196 3.64175 -1.83097 8.65311 -2.67324 10.013 0.544941 3
10.3236 -10.6894 15.9752 -6.76566 -13.6944 -2.66292 -0.515055 4.27204 3.39166 -9.61358 -1.09405 -7.86272 7.48793 -0.742173 12.0138 2.57782 3
2.35294 -10.1461 6.53311 -8.39853 -8.63435 -5.33218 0.841553 4.0176 16.7917 -9.04774 -3.97434 -9.54055 -7.98181 -3.65894 12.5148 -3.52277 3
13.3874 -13.7488 5.70952 -9.78489 9.58143 -10.9761 4.31778 -0.646344 6.33562 -6.17428 -8.66803 -3.63937 21.1186 1.15124 9.48508 -9.0413 3
24.8668 -11.5839 14.9322 -8.70485 4.55958 -7.018 4.47765 5.20443 16.2737 -14.1341 -9.71991 -5.44672 4.53495 -1.76966 12.7197 -2.38244 3
14.2925 -11.0111 -1.44653 -4.94769 -16.1862 -5.60197 2.34921 7.09614 4.02915 -5.93685 -4.61516 -10.7216 -7.02398 -0.699287 11.615 -7.77904 3
13.1673 -8.7526 8.71749 -10.0108 -3.2405 -7.25124 7.18056 0.332713 -1.65479 -8.63304 0.994565 -6.41273 9.52964 2.2233 8.2314 1.12595 3
13.9916 -10.0214 17.8724 -6.53465 7.26326 -15.535 1.40097 3.10791 4.69095 -0.478864 -7.32197 -6.41154 0.095274 -3.01275 12.2036 -8.18744 3
2.55518 -11.4402 2.82797 -5.82869 7.66358 -14.8193 1.91013 5.2858 6.54752 -6.67228 -7.3176 -5.9228 10.1131 -4.03802 10.504 5.01528 3
5.78839 -8.36155 1.41391 -5.38879 9.84082 -10.2341 0.483581 3.03406 15.2482 -10.9321 -5.5845 -5.19518 2.49392 -3.01461 11.1594 -3.08748 3
3.36769 -9.22331 1.33807 -9.67503 0.335848 -15.1952 -1.22467 -3.56062 22.6198 -2.75147 -19.6205 -2.61832 -2.84767 -1.26485 9.81639 -5.13921 3
-11.3355 -12.0168 14.2362 -4.75093 10.8177 -0.339364 5.82245 1.56571 8.66728 -1.08416 -1.06397 -15.4128 5.7826 -2.07965 6.95402 -1.37822 3
5.52034 -9.22358 3.94757 -6.81309 2.81583 -21.0976 -0.0276261 0.303267 9.70621 -8.78358 14.0271 -1.18887 -7.36708 -2.88572 17.0672 -3.96154 3
10.2044 -11.8788 -3.89626 -6.48849 3.83368 -14.7844 7.03627 2.40203 -4.81472 -9.87461 -10.3492 -12.2374 11.436 -5.13473 8.48602 -0.439874 3
10.7316 -9.33761 10.5175 -4.7629 2.39772 -9.53152 7.61069 2.7402 15.6631 -3.69447 -4.52327 3.29951 -1.00881 -1.44985 9.47626 -3.00124 3
2.28636 -9.61177 13.5915 -5.82605 15.0476 -5.69699 4.33968 6.61152 -10.2366 -15.2439 -7.27594 -13.3918 3.62166 -2.13064 13.5703 6.00634 3
4.71583 -11.5751 0.552393 -6.04196 6.29564 -16.0957 0.658733 1.01666 2.1733 -11.7779 4.23403 -7.65614 4.76199 -3.72407 4.45832 -4.64026 3
8.6581 -7.97088 7.69056 -10.6604 3.06031 -7.03695 5.62929 1.76671 4.1762 -1.84074 -0.400826 -18.0062 -4.93651 -1.77614 10.4598 -2.98709 3
11.1099 -14.7253 17.1074 -4.25812 6.05828 -13.9843 1.32548 2.55695 19.8046 2.92183 -3.39489 -10.3002 2.44328 -0.936858 12.9088 -3.9724 3
0.632398 -8.10636 7.19102 -6.84707 11.0133 -11.1111 3.56334 0.509215 1.81796 -1.7632 0.109054 2.53965 2.53103 -0.969136 7.25744 0.172924 3
3.12588 -12.2502 -4.73253 -8.74678 -3.78577 -11.1377 0.903513 1.84967 2.12114 1.91066 -1.43561 -0.333379 22.8311 -4.81591 5.77169 -3.87196 3
3.04333 -5.07578 -2.99067 -6.54762 -1.90482 -12.8467 3.5484 2.47419 8.15045 -3.18501 5.42567 -13.533 -4.41821 -2.71949 3.33974 0.471335 3
-1.68575 -9.77719 3.66223 -7.0081 -0.40951 -7.00977 6.97804 1.67798 7.21004 1.43128 -1.74576 -2.88855 6.26182 -1.49921 12.733 2.42355 3
19.5611 -10.502 -4.07613 -4.28826 6.38195 -10.2045 7.89016 1.25678 -4.90554 -12.0656 3.5792 -12.6996 -1.99842 -3.95107 12.9768 -0.741427 3
21.0925 -12.5459 8.06947 -3.06959 18.6689 -4.21479 5.21478 3.38301 3.01045 -2.50642 -9.08802 -2.7878 0.956682 -5.89285 6.18388 -4.21105 3
7.33437 -11.1503 -1.82867 -6.77821 -8.97678 -6.56311 7.46002 5.85805 20.226 -13.3823 9.76529 -5.25569 -4.25551 -0.559129 6.90438 -3.54467 3
12.1532 -11.9532 6.61155 -6.4777 7.26475 -10.4976 1.60338 -3.54389 -9.38743 -5.51476 2.38914 1.36135 20.1914 0.506269 12.9234 -0.206416 3
4.42629 -11.3198 15.0867 -5.80834 -8.94472 -19.9006 6.76948 2.89384 -12.6243 -3.70829 -8.21965 -6.65314 -7.15593 -5.81163 15.23 -0.452674 3
9.55481 -9.46032 9.66669 -6.92691 3.39773 -16.8124 3.12435 -0.612978 -7.23182 -12.7217 -1.54435 -4.49758 6.70058 -0.937447 10.3531 -0.586771 3
9.74149 -8.85394 5.8784 -6.99765 -5.43063 -18.6294 -4.71746 -0.83343 9.30835 -11.3258 -1.67364 -2.94992 7.80892 -2.22405 8.26996 -8.10071 3
8.12605 -12.0188 24.0321 -5.79587 -3.19057 -11.4182 4.36395 0.788564 5.09543 -3.69718 -6.8294 0.834911 -1.093 -3.50935 8.55342 -6.08884 3
17.0784 -9.23178 12.7357 -5.43728 9.27369 -13.7105 0.262146 1.2265 13.2156 -6.64483 -10.313 0.946733 5.58862 -0.830974 13.8511 -2.37818 3
12.6642 -9.70437 -3.326 -6.4047 11.6925 -5.57667 4.76704 1.74445 -6.07713 -10.1386 0.379263 -11.978 7.31714 -0.777333 12.6811 -0.400234 3
10.4137 -12.0178 13.4544 -10.1507 5.22375 -1.03917 7.86483 -0.807334 -5.98957 -6.09277 0.557474 -4.37535 10.2503 -0.988035 2.94293 0.517659 3
6.53461 -10.1145 1.53139 -6.60698 -12.0925 -10.9035 2.58486 -4.3898 -12.4386 -7.15825 -1.52224 -7.47481 5.94602 -5.5359 4.16564 -4.06794 3
8.29513 -9.97906 0.68303 -6.63931 1.05808 -10.7061 2.94543 0.261086 15.9146 -6.69864 2.42159 -7.0269 8.16761 -0.285491 4.55243 -3.56025 3
14.3378 -5.29386 3.07665 -4.83074 -1.39884 -17.6685 0.216098 3.915 -5.01979 -6.23406 8.43251 -21.334 21.3362 -3.18166 10.5242 -1.27085 3
23.8 -8.40144 5.12951 -6.66026 10.0591 -19.341 -1.28344 0.259637 9.30208 -1.68822 1.87863 -6.83074 0.944356 -2.80748 5.52467 1.02581 3
21.2628 -5.85331 6.54452 -7.0666 6.02663 -9.21722 2.76772 2.17776 12.9248 -3.91789 -0.238836 -10.7726 -10.5173 1.40829 6.05579 -1.62359 3
-9.51032 -6.07578 -0.311549 -7.7785 -6.19103 -8.53509 1.3068 -5.3125 12.8943 -3.77672 -1.17968 -9.80466 17.4259 -0.480556 9.61859 -2.32359 3
20.9944 -9.91412 -11.8627 -3.41809 4.64633 -0.697898 3.79145 1.22769 2.6595 -12.1457 7.00966 8.8711 7.72344 -1.80403 13.235 -5.3167 3
13.9457 -9.11373 22.4981 -5.14928 -6.63937 -21.6696 3.67792 5.96933 16.6489 -4.50634 9.3892 -4.07 7.67572 -1.48701 11.1048 2.21343 3
10.1741 -11.2503 5.2201 -6.38389 12.4016 -0.823255 -0.0825248 0.824593 -4.8622 -6.84129 -2.54146 -9.25265 4.75989 -3.68709 10.1968 5.56878 3
6.99288 -8.337 2.50041 -5.351 -1.62194 -9.38056 -1.01881 0.817091 14.8494 -3.92507 -8.64947 -11.8404 0.385964 -3.43252 9.04128 3.54634 3
10.2103 -9.80055 13.3268 -2.94543 15.5513 -7.47809 8.45674 2.97602 2.17962 2.94807 8.41251 -14.3794 4.0147 -0.859356 6.11204 0.0261201 3
-1.01075 -12.1522 1.03259 -6.82318 4.41949 -4.23667 0.264111 5.35852 3.99262 -14.3845 5.31678 -2.76352 4.95133 -5.33718 7.33219 -0.80286 3
7.5037 -7.06902 8.34862 -4.64928 2.97852 -10.6598 2.26368 1.60351 2.29391 -10.0364 -0.412743 -5.38798 5.97952 -2.56521 10.2472 -0.587586 3
-2.26101 -8.47936 8.06894 -5.33483 0.613686 -18.6565 1.45811 3.14878 -3.19724 -15.6794 -7.57391 -12.7999 -1.84616 0.744503 7.37686 -4.63077 3
9.11315 -7.8683 -5.45954 -6.28192 2.0648 -16.1755 1.83174 -4.52331 0.726503 -9.55897 -1.7819 -16.8435 -3.42233 -3.21189 14.3546 5.63405 3
9.83647 -12.2309 7.51069 -8.68898 6.31587 -9.13081 7.90584 4.03209 0.89354 -10.1195 -6.25437 -2.57187 -0.446376 -0.144332 18.7863 0.505222 3
-0.0680833 -7.6435 3.52448 -8.94188 7.15327 -9.48832 6.52791 -1.53888 -1.62638 -11.6556 5.93227 -11.5723 17.1322 -3.37202 10.911 0.407379 3
3.08732 -7.96827 3.32037 -6.83924 -6.08563 -11.1872 4.19875 2.35215 7.61006 -4.73024 -0.509932 -10.7111 2.02923 -3.57462 10.1107 2.76711 3
17.9257 -8.38196 8.32326 -10.6205 5.38137 -13.3014 1.08055 -3.71777 -1.36692 -4.04473 -5.66147 -9.03583 -2.18636 -2.48211 9.1933 -5.05398 3
4.87901 -12.5208 4.36467 -5.68111 11.9532 -14.0257 1.11392 3.31494 3.58797 -8.17174 -10.3864 -9.47393 -0.851244 -2.00268 7.06298 -6.26084 3
18.678 -15.2844 14.1766 -8.37227 -2.96467 -11.4188 2.57658 4.00813 -0.298031 -13.5247 3.67718 -7.70901 8.33922 0.547201 12.5258 -5.98787 3
-6.69974 -12.5491 -1.65702 -3.67566 -15.5547 -6.17599 2.55964 3.01188 0.911574 -8.8815 -0.469023 -9.65757 3.96174 -2.58778 7.40046 -0.560091 3
6.21938 -13.8004 4.14288 -4.4384 7.7814 -10.3849 -0.471932 0.837621 9.64428 -3.67409 -5.26136 -1.13102 -2.84372 -5.47131 7.86667 -4.42081 3
8.77983 -9.94313 11.0769 -6.61176 8.64461 -2.86375 3.4797 -1.25954 9.32634 -10.6794 4.47338 -6.79413 0.99664 0.719801 9.41616 8.47387 3
13.0074 -4.81885 8.40578 -6.74556 -1.44455 -13.7485 2.3244 -1.02197 11.4156 -0.602453 3.33036 -15.3141 12.5827 0.659447 14.9555 -5.92437 3
8.86907 -8.65511 4.0356 -5.49851 -2.51171 -12.9381 3.14455 2.33176 8.63132 -8.58356 -3.16876 -9.81318 4.27324 -2.1523 7.62102 -2.78551 3
4.63256 -4.77683 0.174524 -2.10496 1.4806 -20.1236 4.24901 -1.20489 5.41557 -10.1653 4.57495 -9.39609 5.40377 -1.94871 13.8582 -6.69594 3
1.64421 -14.7201 10.1791 -6.44859 1.59014 -1.2807 -0.667382 2.67456 2.28801 -12.9842 -2.21883 -5.75304 11.7964 -3.77588 7.26851 -1.92033 3
