classLast,20,5,space
-14.3177 10.1989 8.7852 8.822 1.98661 -3.99665 5.0177 5.22907 -12.1931 -9.5599 2.16738 3.02095 -13.823 -9.72904 -7.73898 -9.44401 -11.5406 20.3486 5.38305 3.36867 0
10.9487 1.64297 3.7323 -0.290362 -0.107509 -15.7272 6.72489 -2.12935 3.44497 -2.05372 -0.56172 20.1134 -7.08632 -2.08761 -6.28903 -3.28141 -6.28687 3.08778 2.81832 7.22442 0
-5.61433 -15.8413 4.66557 -4.54676 11.0724 -7.04479 3.8201 0.325765 -0.920215 -6.72699 -4.41047 6.50813 -3.41484 -11.0922 -9.72924 -9.84028 4.5557 1.47584 4.91875 5.77496 0
-19.7948 1.18926 -1.96724 -0.322389 -4.89937 -11.944 4.73433 -4.4796 0.579326 -13.3139 5.26846 -6.54811 -7.65866 -7.59184 -7.37193 -5.93611 9.39727 5.91613 1.92499 3.17998 0
-17.4728 -6.29052 7.83141 -2.75813 -1.73848 -20.559 8.40884 -1.07159 -11.0944 -11.7734 10.1678 19.1321 -5.359 3.036 -9.55021 -3.16841 -4.44957 5.49912 6.7185 5.98157 0
-9.48386 19.8645 -8.07003 -11.7298 -3.07925 -11.5218 4.3648 -5.24312 3.71353 -3.51061 0.0022789 3.39653 -9.05248 11.5711 -11.3501 -5.69776 3.19009 8.88617 14.6871 8.78859 0
-3.96384 6.40833 10.607 1.27455 -5.79442 -8.79668 1.94155 3.34609 0.666754 -4.50022 -6.05316 16.3738 -7.63782 3.69088 -10.7571 -7.14502 14.5052 0.126212 6.61995 11.1044 0
-14.7943 0.684778 8.30416 -2.49051 -1.53125 -4.74215 0.566433 -6.6818 1.76811 -7.94887 2.17308 11.6047 -11.8659 -9.78814 -10.798 -7.35519 5.11285 12.1345 4.87464 7.11667 0
9.20989 1.86051 15.6686 -2.98407 -5.03082 -4.20102 2.52654 -9.09216 -4.74306 -11.361 -5.88011 -3.6959 -12.3088 -7.27911 -11.3573 -11.379 7.35648 -6.37853 5.51676 3.42216 0
0.910955 -2.94571 3.48012 -5.64166 2.21399 -11.9917 -6.02643 0.582566 -8.07191 -6.58281 4.76023 4.64288 -6.28226 -13.0744 -7.2461 -5.44129 16.5643 9.97285 3.52744 7.85826 0
-17.2021 -1.65598 7.1269 -5.01068 2.4627 3.28252 -1.69388 -3.78299 6.26302 -10.2974 -1.15168 2.22393 -12.9087 -11.9692 -8.68121 -11.4093 8.65392 5.53275 0.391057 8.25558 0
-14.1027 3.69202 9.25056 -4.64162 0.144135 -9.01401 0.855078 -3.70548 -3.15237 -11.9747 7.52349 12.0944 -3.19383 -17.3463 -8.33062 0.435651 10.48 15.0167 6.5366 4.35099 0
-1.65038 -0.783386 11.1229 -0.866021 -0.984808 -13.0829 4.90477 -8.2683 13.7918 -9.96436 1.83145 2.13083 -7.76171 -12.225 -12.9923 -7.37558 6.73499 8.19367 -4.00705 5.71316 0
-8.45998 6.20163 10.5987 -3.23327 -2.15537 -14.2124 7.03011 7.06422 5.25744 -0.269098 -10.7853 -6.74258 -11.5321 -14.4085 -6.33242 -4.45975 -0.320311 -4.00872 4.65594 4.02136 0
-17.449 -10.2579 0.192882 -0.329178 -2.92584 -7.66931 -1.85359 -0.782168 2.97517 -9.43594 -4.49163 15.5814 -10.0099 -6.66875 -2.79722 -6.00816 12.8458 9.36998 -5.34876 9.99148 0
-21.5347 -1.17512 10.3022 1.37993 3.87424 -5.03906 3.06629 4.6207 5.40834 -2.97057 -11.2818 15.6706 -3.51482 -9.41346 -6.24121 -1.38944 18.316 -13.8126 1.16094 7.06029 0
0.326898 3.77588 19.5024 -5.0395 -0.78738 -2.06059 9.51194 -13.5323 -1.79229 -13.9969 -6.89896 -1.30331 -4.54177 -3.40174 -7.86103 -9.01227 4.99443 13.1004 3.44993 -0.836838 0
-4.80673 0.346805 1.65465 -4.92431 1.6452 -12.4451 1.56813 -6.48076 5.88222 -4.1301 -0.607331 -9.65532 -8.2661 -5.28734 -7.9961 -1.45605 13.4622 11.6244 6.48999 3.63969 0
-17.7509 3.80774 -2.79177 -1.30162 -3.4 -14.3181 1.53154 -1.37359 2.09388 -16.6666 -4.44627 4.52856 -2.59522 -6.03885 -4.24349 -5.12384 18.1009 0.974223 2.18056 4.35009 0
-9.16022 -6.86204 -0.0170221 -2.33413 -4.22986 -7.64563 3.28716 0.813512 -4.49973 -2.8687 -6.99767 1.58611 -7.98925 -1.97501 -7.64431 -5.58844 -8.95057 15.6469 0.470672 9.37961 0
-9.78473 8.70084 5.09603 2.7336 -0.0374965 -3.07369 -4.35894 -2.84975 13.6789 -19.7518 -2.45082 -9.58304 -8.66661 -2.13797 -13.5041 -4.43372 -6.77181 15.1949 -1.88058 1.82436 0
-6.43944 0.458545 3.48643 5.61214 -0.487732 -23.1854 -4.97276 -11.0594 3.17244 -1.6781 -10.8853 11.309 -11.5994 -14.9423 -9.09224 -5.5554 7.68266 9.75028 2.21275 2.12187 0
0.63529 0.874205 16.8534 3.98713 6.44846 -10.4306 -3.22468 -2.13589 0.734722 -13.2446 0.957697 5.56145 -3.62459 -3.62945 -8.99559 -5.12955 10.3349 2.38903 1.4342 11.0237 0
-10.5989 -0.563539 12.1187 -3.96197 1.1343 -10.8995 10.8243 -5.01804 -2.24058 -7.39587 19.4098 -2.46213 -6.89996 -8.01899 -8.53794 -6.96121 -1.30341 8.27045 4.69393 6.85745 0
-16.157 3.06086 15.7783 -7.64942 -6.19964 -9.38341 3.5351 -2.25438 2.73471 -17.0369 0.265516 8.22976 -8.05214 -8.66109 -7.01737 -9.99071 0.498602 8.35946 -1.06797 4.21639 0
-11.6981 -0.34442 -4.70772 -1.03666 -4.18025 -11.8803 2.61941 -5.45376 0.229075 -11.0772 -9.29768 -2.73102 -13.1915 -16.2959 -9.5872 -2.81331 20.2172 23.4159 -2.00967 6.4054 0
-17.795 -1.99754 0.0674621 -1.9371 -1.61552 -12.9319 14.0703 -8.66708 3.0067 -0.0480178 -0.400893 9.81675 -5.14488 -10.378 -7.28448 -3.82678 -11.1819 5.51669 6.70549 6.23345 0
-5.7232 -23.4854 -0.324534 -3.88711 -3.37309 -8.30535 7.94616 -3.05249 4.26723 -6.28306 1.23881 3.11241 -12.6406 -16.6254 -8.80877 -9.18535 9.75278 3.74162 4.64872 9.29432 0
-11.1999 5.12729 -1.21758 1.46794 -7.30616 -12.0645 3.52305 -7.95162 6.13272 -13.1576 4.8513 5.26929 -7.62644 -6.84389 -10.1657 -8.89425 2.1531 14.1912 -3.64799 7.62453 0
-1.757 -0.0235161 6.40231 -8.43047 -5.21836 -10.9355 8.99481 -11.3829 12.8656 -7.52614 -6.11263 -0.371484 -7.31279 -5.76387 -9.52582 -5.29456 -2.77974 1.972 2.69582 4.66494 0
5.87754 -3.93219 5.65335 1.19212 -0.694769 -7.32655 2.66824 -6.27987 10.3239 -1.72495 -11.5414 -12.1678 -3.95221 -4.11208 -13.2764 0.185958 2.46665 -2.0023 -0.458415 6.45826 0
-7.15828 -2.07301 3.41683 -5.6748 4.25733 -7.27867 3.97783 -4.54842 -1.43622 -7.36607 0.134046 8.27567 -6.11451 -7.09664 -10.8274 -5.04632 3.22765 16.2576 4.54126 5.85767 0
-2.5893 -11.6574 13.2246 1.5859 3.15877 -17.9597 5.83483 6.22259 -6.15324 -4.23441 -1.78068 -3.28646 -10.1316 8.8165 -10.0801 -11.8116 18.5653 6.01443 -5.0658 5.06649 0
0.261003 -2.88857 2.48729 2.01552 -4.1901 -5.92171 0.874603 -6.95801 -1.86171 -13.1303 15.2052 -6.69841 -10.8491 -0.621974 -13.4473 -4.76849 -12.7349 24.5376 4.4522 -0.875071 0
-6.80563 8.28567 4.41489 -2.48053 -3.44375 -4.09876 -4.40837 -2.12446 5.43258 -5.22808 6.26525 -4.41764 -9.73485 -2.07669 -10.1673 -2.80427 7.262 2.85661 0.212117 5.8352 0
-2.11506 3.83598 3.12181 -0.326162 -3.60984 8.78893 0.0422544 4.83617 -14.7673 -10.3092 -3.67177 4.04771 -10.0986 -9.61184 -13.8343 -11.7873 -10.2638 14.1034 -1.75932 7.93199 0
-14.2795 -7.9863 11.4138 3.07987 0.876312 -1.46066 3.51806 -2.62064 8.8779 -6.53973 -5.20473 -9.67996 -8.91107 -0.379004 -8.77371 -11.8633 2.77045 9.92419 0.541105 8.36648 0
-6.41264 -4.60006 -1.40454 -8.02902 -9.19831 -11.6201 -3.50121 -5.3272 2.54163 -7.36825 6.40723 -15.3558 -10.3196 -11.7125 -7.80242 -9.29595 -3.07525 6.37878 -2.2727 2.02838 0
1.79831 -3.58886 9.7685 -8.59109 8.37677 -13.1247 6.90386 -4.80797 4.4638 -7.24228 -5.92897 0.223353 -8.50572 8.56922 -9.93085 -12.8849 4.85339 14.7582 2.58407 4.62126 0
-20.5022 12.2522 4.14709 0.571509 -2.07988 -12.2473 11.631 -2.33722 -7.13847 -3.97142 10.2361 7.84084 -8.86954 0.571825 -13.934 -6.74439 0.756399 15.6666 9.1702 6.94162 0
-8.58278 12.0064 13.8172 -5.60466 1.13908 -11.7759 5.69148 -2.67551 -5.43215 -6.30707 7.85362 -7.88498 -10.5952 -10.623 -8.47734 -4.53645 -0.10061 14.7878 -4.70095 4.20279 0
-7.87983 -3.5392 6.65577 -6.97552 -1.44877 1.57812 -5.95649 0.587455 -0.022308 -9.60134 -9.29397 -7.46632 -3.05054 7.12825 -8.91366 -9.91892 -6.39766 -6.26424 -1.0007 0.992597 0
-13.7692 -4.44797 -1.91177 3.74838 6.0228 -2.41829 -3.03279 -10.4474 -8.60436 -3.11257 4.87067 10.4287 -4.47383 -5.44618 -8.71478 -1.7314 10.5773 -4.52146 -1.30866 4.19035 0
-2.9942 -6.08868 6.56029 -6.34897 -2.07409 -5.02714 9.46008 1.64792 -3.13042 -10.9848 6.36368 8.27845 -7.71625 -1.2848 -8.30535 -19.7033 18.442 12.449 -0.709805 4.22732 0
-6.11065 10.3399 22.1114 -4.51937 -0.593364 -10.593 12.5475 -2.82757 -11.0255 -6.01687 -3.35098 -9.72892 -4.83602 7.56947 -11.5067 -7.113 11.1009 11.507 1.01942 4.83534 0
-12.0411 7.35227 -5.41886 -4.30464 0.108092 -0.820038 -2.33275 5.75222 9.16638 -4.97163 -17.9823 2.77537 -3.73995 0.551857 -9.93041 -6.8851 14.884 15.0109 0.877243 1.33749 0
-11.388 3.38679 3.87955 -2.57316 3.33188 -7.03725 8.08267 -8.89401 -4.15784 -9.06981 -5.01933 -7.02468 -11.5835 -1.65323 -6.6036 -7.36081 9.17601 16.9816 4.45768 7.33958 0
-1.36011 -2.52438 4.74589 -2.48693 3.21587 -9.64205 -7.81506 -5.51345 8.73538 -1.69363 11.9706 -1.74123 -13.077 -11.6203 -8.50976 -4.30352 23.9587 2.04098 2.23213 5.08218 0
10.3657 -8.87032 1.47119 0.853989 -5.97284 -2.44338 1.12405 -2.52845 12.424 1.82465 -7.95246 5.14186 -8.76078 3.66528 -8.51467 -10.4098 0.419439 -1.01262 1.72169 10.6264 0
-7.49462 -2.04565 18.5206 -4.35185 -2.95282 -5.97576 -8.34022 -4.28181 -6.57217 -6.36341 0.716086 15.8736 -10.9525 -17.2875 -6.68295 -3.97727 -2.7015 13.8493 1.68289 7.58155 0
-19.0492 1.20883 4.29418 2.3044 -1.9764 -18.4748 -0.731636 8.10146 -10.5578 -13.9933 -14.683 -4.86256 -10.4066 5.34004 -8.72177 -7.30299 16.5935 -8.11755 -3.69629 7.66977 0
-12.6062 -12.6454 -13.3284 -7.7819 -3.28053 -10.5653 5.74249 -10.8595 1.86773 -14.9974 -5.80729 3.0083 -8.02369 -11.3244 -5.05512 -4.24965 -7.24723 11.8176 1.9848 6.73978 0
0.870571 -0.944016 2.95713 1.70298 2.73589 -19.3769 5.58398 -2.50131 -1.21325 -9.19778 -13.3972 2.09216 -12.8604 -1.70096 -5.74467 -9.0571 7.5543 6.89528 -0.547221 4.49003 0
-20.4159 3.52687 -8.6421 -4.77264 0.939786 -7.5415 1.40928 -9.39117 0.618737 -1.36477 -13.0221 -2.61696 -8.80802 17.9443 -9.0247 -4.11648 2.05357 9.14501 3.17531 3.9837 0
3.21182 0.907552 -3.97648 -15.1057 0.294246 -20.3729 10.3742 -2.04937 3.65372 -4.25831 4.52657 13.3111 -7.48362 -3.48048 -7.92915 5.69445 4.31101 7.64173 14.0689 7.78206 0
-13.3857 0.90395 0.455231 0.633054 4.33087 -6.83896 4.20061 -15.7353 -0.532953 -22.0219 7.34138 -1.28425 -2.74979 -7.40783 -8.4317 -5.30552 -5.04492 7.32166 -0.784166 2.45306 0
-12.3386 -3.06818 2.7822 -4.71854 0.625075 -5.97219 -4.40613 7.32411 2.91298 -8.04642 7.53186 1.59325 2.16266 -14.0478 -13.7559 -10.0738 -5.57393 8.39747 3.42472 2.85806 0
7.75976 -12.4592 17.4065 -4.38863 1.00097 -13.0224 -3.46142 -5.95812 16.1177 -10.2883 -0.0460704 2.183 -9.71219 -12.0728 -7.56261 -12.827 6.51053 19.3075 0.73759 7.19142 0
-9.56035 -5.99372 5.92089 -5.59126 0.850157 -0.917453 3.09978 -0.109475 2.53174 -14.2681 3.23869 2.3485 -7.01614 5.77523 -7.41342 -7.07375 -7.59995 11.8096 3.25329 3.98018 0
-1.1154 -6.10932 3.15537 9.17417 -4.48514 -9.45612 12.2531 -14.1225 -2.93631 -9.56436 0.575631 9.5255 -3.33944 9.50708 -10.6453 1.08912 13.7364 2.64574 -4.93064 4.0756 0
-18.1931 -14.0707 -4.52609 2.1695 -0.118359 -12.7097 8.84555 -10.6991 10.7401 -8.55452 -6.66966 -1.44598 -5.59849 -14.7043 -6.88251 -1.8633 10.4877 -14.701 5.19231 3.56884 0
-16.3672 7.82407 -6.74296 -11.154 -3.22175 -2.80961 -4.4543 -6.48915 5.4667 -5.03976 -5.2504 14.6422 -12.7385 -6.35816 -13.4324 -4.26171 -28.2699 12.6566 3.14286 8.7737 0
-17.4641 -4.48897 1.09664 -1.30907 -0.869568 -9.75517 10.3007 0.646361 1.4297 -0.305651 -9.41815 14.5074 -7.84931 1.57371 -12.7675 -2.19579 0.423107 15.6244 -2.50832 7.80206 0
-15.0862 1.3072 -3.83089 -9.05702 5.87064 -7.26737 -1.05362 -5.40598 -15.201 -11.6774 7.82546 -14.1444 -8.91043 -13.0437 -9.05609 -4.03863 17.4485 12.6964 2.17356 5.64993 0
-1.71935 -3.48617 9.21936 -2.71548 -0.0611171 -16.1478 -1.82614 0.0179099 0.786622 -10.8741 1.41095 -5.03713 -5.86593 -9.58055 -8.81708 -1.63432 9.69261 17.8795 6.18784 0.220605 0
-6.13024 -7.21314 10.3206 -0.442635 -2.17132 -8.53299 12.1205 6.8922 9.72263 -8.84947 -4.49171 -5.01733 -6.34057 -15.4103 -7.00872 -3.63577 -3.11601 -1.8234 -8.31892 4.6843 0
-5.66481 2.51234 18.412 5.32805 1.73095 -7.94729 -1.6211 -4.74462 8.50167 -1.86586 -0.872555 7.40525 -11.3003 11.3268 -12.4677 -7.89545 15.1134 18.5758 2.03433 6.02328 0
-3.57969 16.0734 11.7198 -0.905991 3.25466 2.44151 4.20404 -7.68497 14.5589 -6.57278 -2.45742 17.0144 -10.7335 -11.1488 -7.44768 2.0769 9.96427 4.44631 2.90791 5.06092 0
-9.63942 0.0615232 6.48079 0.723111 -8.58823 -13.9562 6.07627 4.9071 4.27114 6.31256 0.484212 -6.12594 -6.73418 -9.08449 -10.8154 -10.5283 -13.0812 5.96461 -1.32594 3.18726 0
-3.8248 -9.81089 11.5119 -8.0101 -2.58976 -24.0827 12.5414 7.42447 4.65661 -4.42005 0.422934 16.0167 -14.1933 9.60037 -12.8155 -9.87841 -10.263 1.76273 0.441919 6.85027 0
-7.26785 -1.70579 9.45566 3.91997 -0.359706 0.38918 7.21242 -1.74142 7.71038 -5.29558 1.11925 0.0530117 -8.68253 -3.04689 -9.04195 -10.5019 11.1521 11.7231 0.270525 5.21547 0
-17.7839 2.85172 10.965 6.07849 -4.83172 -8.01394 11.0302 -4.40993 1.7029 -16.7899 -8.79198 2.65157 -0.870276 -12.147 -7.97829 -7.46956 6.86241 9.19395 6.83176 8.7361 0
-12.5069 7.36371 -3.48382 -1.18807 -0.255409 -14.9071 5.35633 1.94267 15.5887 -4.44019 3.16287 7.83552 -2.26076 7.44255 -9.90572 -8.33564 -2.10278 5.99727 -0.695792 6.36986 0
-10.1197 2.96318 22.7102 10.1131 -3.2702 -10.5931 8.24743 0.368006 -0.867488 2.48586 -14.4773 8.38574 -10.7134 -5.36409 -9.4383 -5.57007 8.527 5.81609 0.543978 5.73042 0
-7.1388 -2.19056 10.2164 -1.15255 4.00475 -8.66744 4.5943 -2.1943 -1.23837 -5.64485 -4.96347 -9.97597 -10.6661 1.28775 -14.3163 -5.76228 14.2282 11.9887 1.27596 6.98512 0
-9.50253 -12.1703 4.6912 7.56693 6.61042 -13.8115 0.225072 -3.207 0.568284 -6.53991 2.28966 3.19809 -6.04335 -1.74204 -9.21905 0.80632 -6.82629 6.18232 5.56087 11.4755 0
-6.74797 6.88279 0.410495 -9.67421 -0.567878 -12.9814 6.14579 -5.3146 -1.75685 -8.2336 -2.95462 3.1881 -11.4495 5.29549 -8.80742 -4.49114 -14.2552 4.93451 5.69457 4.94929 0
-18.1931 1.45611 6.27772 -0.678719 8.19626 -5.68877 -0.590894 -6.80943 2.75826 -17.8902 6.41336 7.09209 -2.65523 -14.5951 -11.1529 -4.37815 -11.9082 20.1571 0.162201 2.01916 0
-9.53257 10.1689 0.918614 -3.42232 -5.98706 -17.7037 5.97533 -0.909718 -3.15236 -2.46539 -18.1936 4.51536 -2.81556 6.22703 -12.1787 1.85929 -1.82804 21.6718 9.93901 -1.65215 0
4.89713 -0.329787 12.8072 -1.49153 0.0604576 -4.48458 1.85127 -6.30826 2.24124 -5.18433 -10.5735 -2.54202 -4.36728 -13.723 -11.1726 -10.3768 1.28255 -0.535992 4.95911 5.62431 0
-18.2861 13.8813 15.4686 3.63684 -1.18507 -6.72257 -6.28719 -7.0529 -0.686179 -9.50125 -3.1213 3.7381 -6.86718 -11.7258 -11.2901 -5.00348 -7.44059 10.9455 -0.984648 6.55617 0
-0.238354 -4.41806 2.12517 0.171013 2.85139 0.95456 10.9646 -8.46035 0.0187257 -7.28187 -13.595 -10.1848 -7.10347 -10.5623 -8.4438 3.99427 -8.66668 20.1076 3.79251 10.8179 0
-3.04862 -4.84169 3.71288 -5.00637 -3.24399 -4.3566 4.26572 8.63776 12.6005 -6.30004 -8.5428 16.7364 -10.6994 -5.87243 -14.2674 -5.98431 6.27693 -0.636346 8.72173 5.06773 0
-7.05543 9.16995 3.12632 3.80008 0.999524 -20.5974 10.213 -3.12386 0.486027 -18.3565 3.99824 5.89321 -4.73551 -1.17402 -8.10031 -6.48939 -12.6512 25.6747 3.55121 6.34429 0
-8.67448 -8.96861 7.78669 0.582334 2.72783 -9.94397 1.17056 -4.44554 4.36609 -2.65227 -11.2551 3.74921 -3.54863 -9.04361 -5.27538 -4.57731 2.07565 9.86445 -1.79517 6.09617 0
-12.2174 -13.6208 13.4189 3.66495 -1.84325 -10.0506 11.8393 -10.7246 -3.86129 -9.83537 -1.90882 13.0811 -5.60114 11.5043 -12.0642 -11.4797 0.191323 7.83755 -2.04312 6.88472 0
0.989102 11.8667 -6.63489 -0.0234979 -1.82643 16.0254 -8.80096 -8.71186 4.27888 -2.57897 -5.39029 9.97604 5.20556 -14.8062 7.83283 0.0678139 -2.64259 6.54747 0.285012 -10.9415 1
-12.7659 16.8392 2.0528 -2.83602 0.939654 0.334629 -3.99342 -6.79504 -3.83243 9.21796 -7.0044 2.43275 15.3909 -3.71244 8.48318 -4.18807 1.60783 9.3581 0.135979 -7.23461 1
-5.48711 -4.47631 -1.09035 -2.27297 -2.4107 2.81121 -10.9347 1.21565 -1.24947 0.452589 -7.23273 1.86462 -7.63553 -10.6416 8.38232 6.0028 -1.86522 5.97112 -11.0006 -7.65697 1
4.30645 13.7271 -4.28792 0.00287527 5.9359 -0.966242 -9.26827 -3.71327 -3.92883 -12.1222 -12.7193 1.14508 14.3056 -12.1718 3.74766 9.60485 -6.75087 10.0766 -2.5273 -7.1898 1
-0.847633 13.1385 -0.369542 -0.0554636 -5.44949 24.3092 -11.9408 -2.87143 -0.771669 10.8885 -21.6505 5.24199 9.37263 -0.746494 6.4315 8.73227 -7.48213 10.4854 -0.936754 -5.45831 1
2.24278 24.6694 1.7551 1.39844 -7.56516 4.48926 -2.7274 1.13844 -16.5354 5.14478 -15.9171 1.04065 4.2069 -14.5571 5.03518 5.45551 5.76954 10.5275 -3.53801 -7.00388 1
0.266543 20.261 0.459306 -0.718853 -6.22204 -3.98129 -7.23389 4.15071 -19.7657 -4.28222 -6.7207 1.64506 14.5765 -12.3512 5.92412 5.51258 -4.62245 8.89179 -0.790544 -6.07174 1
-3.18944 8.78597 -2.18014 -3.02056 -3.45854 8.82981 -10.5187 3.31307 -18.8636 10.604 -12.4946 2.23738 9.6871 -10.3098 6.12695 1.99681 -0.260188 10.1895 -1.94122 -5.78053 1
-4.95457 34.2175 -4.36636 -0.128289 -2.66402 0.71677 -11.015 -4.29617 -10.0689 14.5863 -6.09395 -0.489881 1.30003 -8.6475 7.99951 -1.6037 -0.406113 5.04941 -9.87758 -3.20824 1
2.07214 15.7015 -2.36329 -2.15593 -4.24374 8.31151 -6.01376 -3.0564 -4.81343 0.795891 -11.9181 8.76326 10.987 -8.99756 9.08624 -0.281367 -1.65637 10.7595 -5.25911 -8.72856 1
-12.5682 -3.72164 2.84777 -1.20689 -2.9533 4.09246 -2.48785 -6.60734 -4.1388 10.0865 -12.3126 4.64939 8.05932 -1.25918 4.06692 -4.63704 3.59768 8.08727 -9.5828 -6.05845 1
-0.3559 13.7667 -4.96021 -0.930716 -8.42373 2.72553 -8.59649 -11.818 -19.4718 8.34435 7.67097 6.54302 9.63231 -9.26865 9.3029 7.89086 3.44118 5.9859 -7.45959 -4.20589 1
-11.0889 6.01694 4.77569 2.13261 -5.786 7.69839 -12.7241 -24.738 1.48024 12.4525 0.382026 10.6905 3.6955 -6.88623 3.85678 5.40405 -5.15245 9.27057 -1.04433 -9.17579 1
-0.10501 11.49 0.23308 0.857391 -6.30952 8.02952 -3.45305 -11.5321 -1.41969 11.2117 -20.5373 -1.03598 10.045 -2.54641 9.74562 4.36731 3.35079 11.1441 6.3287 -7.20512 1
-2.47271 6.44781 1.72672 -2.16751 -0.674672 1.39145 -9.15788 -6.8173 0.579767 7.20785 2.7401 3.37607 14.7844 -7.30431 3.71209 5.74013 3.84597 8.93662 -6.73287 -7.31404 1
-4.01317 4.73618 1.78174 -2.45311 -4.03595 0.660866 -6.13888 -13.5236 -9.73931 20.5306 -1.54413 -1.43054 11.1858 -7.77477 8.18218 -2.35064 -6.89349 10.4996 -10.4015 -8.93506 1
-5.17298 0.544616 -2.50604 -1.6245 -8.28375 2.70785 -5.28679 -15.4736 -0.0111578 -7.84763 -11.3796 9.21525 24.0779 -6.14041 2.16701 1.81723 2.55645 6.38993 -0.544623 -8.60185 1
-0.790027 1.67098 -1.25592 2.3775 -0.887299 0.970205 -11.9115 -15.9064 1.36976 5.94748 -4.8253 2.69023 -0.407664 -12.6179 7.9598 2.6364 7.88733 5.24493 -0.902888 -5.27966 1
-2.77669 7.11104 2.10238 1.37358 -10.1758 -1.8337 -13.686 -10.114 -7.47472 -1.44959 -19.7042 3.3857 -1.5387 -1.51533 4.5541 -3.26592 -0.341831 2.30598 -2.72387 -6.59297 1
-6.92848 8.37891 -2.0703 -0.416421 -1.29268 4.18108 -9.70954 -5.84845 6.5805 11.6678 -2.18947 2.94211 0.902286 -10.7368 5.16236 7.03709 -4.32633 6.12002 -1.37362 -5.45281 1
-5.28379 -5.36022 -1.94361 3.20122 -8.52581 8.36673 -6.64898 -20.4733 0.371828 12.6163 -3.697 2.34374 12.9129 -8.00569 8.59852 6.61708 13.4342 4.3858 -14.2881 -6.09748 1
-7.82758 14.4655 -1.96672 5.87135 -1.4085 2.24726 -6.25495 -1.94158 -1.13745 13.6666 -9.19519 2.51724 4.48994 -5.13862 7.11721 0.0232292 8.26034 5.79995 -8.49199 -5.9832 1
1.20977 3.60727 -4.30453 6.01847 -1.18165 7.75984 -9.75569 -13.882 -8.50118 26.4157 -12.3728 5.28617 -3.91657 -7.77941 6.79925 4.99484 -1.40335 1.6286 -6.18175 -7.79243 1
2.35315 5.59312 -4.75982 2.04272 -7.40676 5.06514 -8.2878 -2.25506 -7.64034 17.8395 -9.86866 6.30857 7.03542 -8.35841 5.50754 7.97118 0.0457802 8.62409 -11.552 -5.00868 1
-5.96912 10.4638 4.69954 -5.29003 -6.10486 7.19828 -3.21118 -2.34264 -12.2501 6.74939 -2.25862 3.7207 6.03155 -1.58349 5.99109 3.24935 -1.72487 5.41589 -3.32723 -2.96379 1
-5.30177 10.6181 1.78999 0.616519 -8.44132 11.0194 -12.8865 -2.37491 -2.43021 5.5689 -20.7313 5.65894 29.2538 -15.3511 5.22028 3.59313 -2.63688 6.62265 -9.31617 -6.79028 1
-5.48985 11.9403 -2.962 3.31589 -8.76057 -6.21037 -4.126 -11.4445 -15.0358 7.34965 -7.31606 9.26206 12.8174 -1.61701 6.54431 5.15789 -3.01699 5.95701 -3.09126 -1.97385 1
-3.64657 8.7969 0.337346 -2.19392 -3.15223 0.587264 -9.94979 -9.11347 4.01958 19.6552 -1.64294 5.70609 17.0189 -4.94714 8.03797 -0.8839 -3.02504 8.18426 -2.37121 -8.81928 1
-6.90399 14.1379 -0.290106 4.98052 -3.11602 -0.915326 -8.15223 2.48228 -7.18189 0.31969 -4.43861 -1.55338 12.0214 -10.6738 10.555 2.26401 0.752864 8.3122 1.11769 -10.539 1
-3.95913 11.7867 -3.45142 1.77311 -0.287305 5.79833 -10.6583 -6.49844 9.9037 -10.5049 -17.9427 11.2373 12.7359 -17.9021 7.97064 3.9716 0.222923 7.7523 -2.51484 -8.52323 1
-0.718514 10.4821 -0.428954 -1.46925 0.990197 8.32461 -8.54566 -11.2589 2.91207 2.88474 -0.145929 2.67243 10.1694 -12.1526 6.85108 7.72185 -3.85265 9.2009 -9.60933 -4.15258 1
-4.8171 -10.1413 -1.83178 0.497403 -2.5883 1.45405 -11.8272 -11.7536 -6.94081 5.57188 -14.6699 2.25198 7.83484 -7.51486 5.51932 -2.71481 -0.458784 8.78446 -5.70841 -3.72941 1
-3.03401 -0.951977 -3.05778 -1.88729 -6.74003 9.83313 -9.57099 -6.17067 -7.52905 9.56897 -10.2701 4.53129 6.15115 -11.2109 4.21274 5.14021 5.80195 6.40049 -4.89584 -7.58328 1
-2.71705 4.21134 -1.88103 1.37194 -1.01249 -2.67236 -6.84645 11.4623 -6.53704 6.40533 -3.16399 3.16118 -9.59145 -7.52623 4.34613 8.14539 -1.32187 11.8536 -4.70288 -5.37308 1
-5.63074 1.56724 1.70543 -0.949499 -5.55732 4.71354 -14.4465 -10.5103 -4.92249 8.33606 0.955115 -1.33315 3.38523 -8.94485 7.77416 -1.94478 -0.183472 9.46191 -5.67157 -4.35518 1
-4.87919 8.02596 0.0224553 2.81152 -2.41755 12.193 -9.93536 -22.0205 -6.39567 18.188 -11.0401 6.53658 14.3044 -4.47387 4.61311 10.9339 -7.23049 8.72174 -4.37706 -5.09622 1
-2.22493 7.28748 1.72362 1.42233 -1.99042 -2.20987 -9.98706 4.41118 1.12689 7.84263 -16.5709 5.17009 4.73718 -4.89683 3.01124 -1.62404 -0.315535 8.24982 -12.7835 -6.85736 1
6.63177 16.3307 1.32798 -2.90357 -4.34581 6.49677 -2.70614 13.9425 -15.7349 20.9068 -2.17386 3.7675 7.04429 -4.92194 6.3252 4.68618 4.58205 3.34392 -10.0714 -5.50649 1
-14.2991 -0.911818 -1.94418 2.38089 0.0245795 2.62996 -6.83338 -18.5545 7.77725 8.54295 -9.64949 5.39185 12.4777 -3.15051 3.91972 1.57391 7.27465 10.6229 -12.5955 -6.73313 1
-5.50365 4.36685 -1.21271 1.25566 -3.27332 5.62348 -10.5731 -5.74351 -9.0514 12.7097 -4.51192 5.78775 17.4366 -1.73259 3.2245 4.04575 -4.08293 8.61387 -11.5066 -5.5392 1
-6.25271 11.625 -2.21928 2.97523 -5.75672 8.11434 -8.33582 -9.75425 5.50549 17.4567 -12.6418 4.0499 9.46107 -5.3994 5.82378 8.02941 6.81425 6.41692 -0.458324 -1.74617 1
-8.98406 9.89631 6.24536 -5.04651 -0.0858054 8.33507 -9.28854 -9.15341 1.2686 28.1044 -13.0509 5.47262 8.78221 -5.78683 10.9642 0.0842278 -10.6083 4.3163 -7.19659 -5.10826 1
-4.06217 -0.19339 -3.24585 4.5264 -6.56953 5.41325 -12.7011 7.02627 -7.48921 30.9743 -6.81712 4.33806 4.50582 -5.73372 7.24223 -1.52406 2.01919 5.07456 -9.34859 -9.38889 1
-5.38262 20.0598 2.21995 -0.59439 -0.0105393 7.44892 -8.4331 -6.51561 -12.5102 -1.10881 10.2641 4.03778 1.95765 -0.482561 5.05395 3.21434 -5.0073 6.26805 -0.028106 -6.76431 1
-1.71216 -1.26355 -4.61363 -1.64535 -8.13182 -1.22652 -9.74043 8.90409 1.58271 4.28843 -0.241671 5.83964 15.1849 -6.5346 7.69463 3.62813 -6.56365 8.37319 -0.519611 -6.31362 1
-1.18652 8.39267 0.40821 0.9665 -7.96688 7.49086 -11.9395 -3.71387 1.18283 13.8433 -13.3351 5.51512 22.455 -9.38774 5.3383 7.4275 5.88801 6.91618 -0.663353 -6.55315 1
3.04259 3.48231 -1.19558 1.04936 -4.29169 3.41642 -5.68369 2.00188 -11.2309 -1.77796 -2.73073 6.81297 17.8063 -3.83501 6.89949 10.1212 -4.77454 5.79672 -8.37786 -4.30952 1
-4.95753 9.89539 -3.19444 0.261537 0.941707 9.09485 -6.95227 -9.80569 1.05783 5.27409 -7.05213 8.38998 -9.47331 -1.83909 9.81219 -3.21944 -3.25232 9.25511 -2.48217 -7.78757 1
1.62726 0.637531 0.372551 1.80976 -11.134 11.7725 -11.0955 0.515507 -8.59142 10.9997 -13.9543 3.86927 12.2857 -1.60993 2.94543 4.4461 -1.12939 7.22609 -4.12096 -5.89079 1
-5.90241 3.53929 -3.50011 -3.13508 -6.47143 9.04986 -11.7845 9.25937 -5.59737 -3.70886 -8.65004 4.30606 14.2556 -4.74434 8.40909 3.69484 3.26403 8.05353 1.17524 -5.90915 1
-3.71217 11.927 4.07309 -3.39462 7.12807 6.83367 -12.4234 -1.39378 -9.16767 11.696 -19.4802 -0.0999059 6.83861 -4.3027 3.98147 4.49622 2.67709 8.21618 1.17428 -5.21376 1
-4.6355 7.63457 -2.03748 -0.50033 0.379439 9.42249 -4.71386 -7.66282 -12.6531 1.71123 -5.19252 1.10094 2.37745 -5.37661 2.74911 -2.12518 -5.95362 11.4922 -12.9884 -6.56824 1
-8.95353 5.27022 -0.609736 0.935122 -1.70561 13.4844 -8.01649 8.44303 -3.63844 30.4461 -1.63042 3.62648 23.7811 0.0747489 10.169 0.852794 -5.38101 9.40611 -10.3099 -6.69519 1
-6.00643 8.89132 4.45179 -3.92978 -3.8052 -7.90077 -7.59709 1.04717 -8.69851 9.7611 5.13946 4.6246 12.9584 -10.1842 9.00186 1.25734 4.17851 9.82919 -3.84252 -6.42208 1
0.271756 30.4436 -4.76956 -2.14581 1.82308 14.1151 -1.02459 -2.21149 4.31068 2.73164 -9.99749 4.46769 7.25432 -4.51463 7.13864 8.04311 -4.60751 6.01064 -3.38578 -8.36798 1
-3.77406 12.0492 0.830772 -0.794325 -8.80142 4.11984 -14.4726 -2.6776 5.05981 -2.61441 -17.3133 4.75735 12.8769 -17.4474 3.69181 3.59409 0.596903 5.2101 -5.7812 -6.64439 1
-11.4239 15.9749 -2.30623 -7.89908 0.675588 4.20704 -6.63822 3.27447 -0.794601 11.9653 -5.49612 4.73901 4.86858 -3.9774 11.6034 1.66125 -3.4041 9.10942 -4.79393 -5.99128 1
-5.30502 10.7431 1.64104 -5.42823 -5.207 -1.75166 -12.0558 -5.17561 -6.00718 7.56835 -12.5375 1.22111 6.57685 -5.09041 12.9272 1.24834 -7.80203 8.01847 -10.6742 -4.22642 1
-4.3133 3.3121 1.53517 -2.55068 -3.42259 16.5458 -14.8421 1.92044 -4.31681 -1.60815 -5.40927 3.86119 -0.770408 -9.05529 10.0517 1.80583 -6.48931 7.45015 0.14747 -7.37288 1
-6.16201 6.22828 -3.12203 -2.77112 -1.68012 -2.84798 -4.37902 -1.94052 5.8192 -1.26897 -5.55632 4.69638 10.964 -7.58663 8.37992 0.710699 1.88319 9.33409 -2.57884 -7.10695 1
1.62363 5.24678 -0.501764 0.21235 -2.33614 16.016 -11.3038 -9.67604 -9.65455 28.2712 -32.0795 6.25878 0.463155 -8.90835 3.43381 3.7156 5.49493 10.7896 -12.6936 -6.80395 1
-1.1401 7.25428 2.93443 3.59443 -8.60764 4.91328 -9.51873 -18.0586 -13.0551 19.6746 0.165867 0.486989 14.8687 -13.2336 4.69168 3.13 -5.77716 10.293 -6.83816 -6.56617 1
0.553235 8.10941 1.29681 0.548163 -2.26097 2.68757 -5.28512 -6.88914 -17.8573 -10.1305 -7.57068 1.06337 9.44416 -5.09448 7.0165 -0.169472 -5.61072 11.8768 -6.1745 -6.77579 1
10.7848 29.1467 1.68783 9.72105 6.10337 0.496681 0.0519202 1.82091 -12.1294 9.8075 4.65703 -12.643 8.02971 -3.15704 1.59731 -6.58413 -9.70253 -12.9938 10.9329 -7.81026 2
-12.7873 13.757 12.8111 7.36513 7.99812 -8.83037 6.42389 -2.70454 -5.23038 10.5219 9.53769 -7.4507 1.65848 -0.830908 -8.52182 -4.30287 -6.38416 -7.1353 10.3788 -14.2714 2
14.2851 19.9801 25.1246 9.9794 5.54972 -1.51676 0.0910965 3.83908 -13.6252 10.4173 8.93409 13.3151 1.26938 -5.25142 -1.2695 2.98881 -9.38438 13.7223 9.63707 -8.68915 2
9.63725 11.5795 -6.67936 9.55968 5.33244 -2.11077 3.174 -4.77826 -8.84929 11.8568 3.73724 -10.7062 10.1535 -7.22881 -4.11932 0.855813 -5.90221 -1.82674 11.1123 -2.61069 2
-4.1747 19.5459 16.2081 13.7719 0.440745 -11.0845 10.5318 7.1672 -8.01148 13.7377 6.03469 -5.20791 20.2773 7.95338 -18.7363 -1.6154 -10.7381 -14.5132 10.9138 -17.7932 2
6.22169 2.13107 19.1494 13.1409 2.01466 4.43196 6.00362 6.08464 -8.47199 5.49633 3.10669 5.5494 10.697 -2.31563 -3.57539 -10.7852 -5.79162 -15.0582 7.59385 -6.49574 2
2.00846 -3.49587 11.3927 8.07042 7.03889 -5.35134 4.99936 -0.90245 -11.384 5.6295 5.98169 -1.86745 -0.225384 2.89204 4.05509 -2.72258 -8.01796 8.94704 6.62961 -3.40152 2
9.70098 0.348353 15.9527 5.92577 9.47239 7.10408 2.38548 -0.026286 -10.6047 3.30663 10.2536 5.85581 13.6082 5.07785 -11.5237 3.57535 -7.55397 -15.9056 11.0846 -0.445531 2
1.11518 17.8342 7.58842 9.16083 7.2818 -4.36725 10.6241 7.28285 -7.77902 0.0146056 3.71058 4.8732 7.65344 -3.25669 7.92413 4.27438 -7.2285 4.68049 6.17592 -13.1799 2
5.78587 4.52006 12.6796 3.00251 -1.20595 -10.6386 2.68232 2.11014 -11.852 9.12611 2.38348 17.1047 8.92737 -8.66944 -3.7387 -5.9828 -6.47575 15.8399 9.2184 -9.18677 2
2.44462 0.0265756 5.07294 9.66452 1.08369 -5.96295 -1.16599 5.41327 -11.9938 3.47826 0.705282 -4.45133 -3.2718 -4.77 -23.8894 -7.87175 -8.91225 -3.61622 6.21128 -10.5888 2
4.41443 -7.2168 3.07654 6.20438 6.76232 -16.1665 0.818467 4.86881 -8.2702 10.2991 6.74277 8.98261 4.11073 1.74482 -13.0309 2.02309 -9.73486 -4.74522 14.1725 -1.12824 2
7.86239 4.52306 12.1284 7.85076 6.62328 -7.55622 6.36486 0.921279 -9.53861 0.483217 8.57583 -12.8248 8.06133 -11.711 0.343095 5.14019 -1.52267 5.22576 16.6417 -7.20374 2
-8.06978 21.3816 15.6328 4.82995 9.05388 -9.25739 9.58976 1.30429 -6.99869 7.59954 13.7863 4.20911 14.8477 -5.27592 -8.28488 -2.60151 -10.1257 -1.61492 9.6524 -10.761 2
-0.94865 20.4719 13.9471 5.9311 5.23745 -8.04768 9.03953 -0.0207008 -14.0299 10.6258 -4.66924 -6.0461 8.48293 13.2835 -10.5915 -2.8397 -10.3069 -2.81758 3.40728 -6.47616 2
3.86942 3.21752 9.88225 1.78465 4.99324 5.19773 2.56144 4.27533 -6.21617 3.89876 8.19619 1.54978 14.7201 -6.09212 -8.26391 -0.0728731 -13.9826 -4.09043 8.12377 -4.09025 2
1.56138 11.724 2.44552 10.8324 4.8856 -9.97565 5.31646 9.09347 -7.37165 10.3226 8.34924 -7.35165 7.84733 18.0606 -7.14147 -12.388 -7.07826 0.740429 9.92927 -11.3988 2
2.50681 20.2186 13.5787 3.91964 1.94931 -3.61463 0.446812 7.72648 -12.8285 8.7213 -1.10705 -6.42399 -1.16708 5.44432 -11.0057 -8.91257 -6.1491 -0.879662 13.4423 -8.13779 2
9.07775 4.42199 8.43473 7.6502 9.96167 2.48543 0.409621 14.0307 -6.6259 -0.880042 8.72464 7.35538 6.70031 8.55975 8.72589 -11.2517 -5.51829 11.7059 7.34119 -12.8617 2
-2.95015 8.90221 14.7497 11.677 6.08911 -4.63666 0.801777 0.466811 -9.80978 17.5649 12.7676 0.114965 7.6506 0.244791 -10.533 1.28426 -7.17587 -16.0687 13.2112 -7.2995 2
3.12415 3.20327 16.5561 5.02553 7.90996 -10.5314 4.47659 7.5086 -12.0827 8.85428 6.287 -9.44497 -1.19251 2.6458 -12.7699 -3.45055 -7.99528 2.59672 10.9632 -3.05453 2
-2.04194 -0.589777 16.4236 9.58955 7.57086 -5.22735 3.21519 8.06345 -6.22262 6.88894 15.9803 -3.9186 10.5003 -8.36244 0.746703 -6.30087 -14.1686 5.85675 3.79855 -6.39085 2
14.5447 8.45261 16.0579 7.12368 4.53621 -3.86353 8.65281 5.69768 -5.10363 7.42091 2.27935 -1.23697 3.13224 -8.71698 -11.335 -1.83421 -8.76571 -2.46528 12.2207 -8.41008 2
6.46528 5.74859 -1.48749 10.2366 1.60154 3.81619 7.05421 -0.950775 -7.4986 6.65529 3.27159 -3.04626 -4.12208 3.52644 -15.1613 -12.1191 -4.77274 12.0887 11.5304 -7.26725 2
5.10274 13.0174 13.5236 5.78411 -2.42769 -10.179 6.26562 0.27054 -8.61503 6.0358 2.3201 -10.5251 11.466 -17.3329 8.13453 2.58506 -6.28725 21.6165 9.65422 6.44255 2
8.93138 0.802096 11.015 10.3193 9.17384 0.51588 3.64496 -1.98765 -10.9318 2.01728 11.0052 1.70021 15.5554 -19.7103 -7.68969 -5.05475 -8.7704 8.2284 11.3807 -12.2891 2
6.56035 10.3778 13.6778 11.3961 3.66034 -2.71402 3.86681 -3.41452 -6.51564 5.47611 3.50849 6.16364 -1.55458 1.58366 -14.0865 -8.53089 -3.93337 2.62027 10.0127 -3.71228 2
-4.67563 -0.451483 -2.90502 8.97896 5.09253 -1.42915 -6.02353 -1.07113 -12.3405 5.29381 -2.85148 18.3311 9.49552 -11.101 13.1456 -6.61094 -8.00181 15.3264 8.17609 -2.4272 2
7.91275 -6.30723 1.768 5.38832 0.636787 -5.77697 6.80455 -1.82556 -7.09285 3.47891 0.085942 14.6722 12.0564 -5.69001 -12.7452 -10.8785 -6.93472 -11.7772 9.0281 -15.4278 2
7.21453 -8.60377 -10.5612 -3.41419 13.867 5.44765 -9.89903 -12.1278 3.39741 -9.29742 0.795474 8.61834 -2.27869 9.4834 0.227126 5.79364 -6.60079 -2.42411 6.86567 -3.36606 3
6.11199 9.40458 -6.24338 -8.99435 12.0349 6.33574 -23.8602 -16.9818 17.672 -5.18876 -15.6095 8.84927 -1.30639 4.03729 3.61168 0.880989 -7.52987 -1.16806 7.73877 -6.32235 3
6.12476 -8.26543 -21.9524 -2.8314 1.43433 8.96927 -0.200826 -19.3929 9.67187 -0.842086 -2.19907 11.9568 -3.91562 6.0596 2.15868 6.2307 -12.7342 -4.56027 6.7142 -14.5865 3
5.00711 -1.98055 -10.1502 -10.2345 20.1867 7.40774 -11.7471 -9.92048 12.0451 -9.38989 4.2882 6.50099 1.81828 6.03171 0.387877 -0.107052 -1.431 -0.0350987 15.9778 10.5191 3
5.63287 9.96513 4.40273 -13.4195 -9.88533 1.18395 -0.871433 -13.3395 -1.75044 -6.17543 -6.45333 6.14127 1.15906 3.5364 3.51045 2.4275 -7.15326 -13.1523 5.19949 -4.55267 3
1.25917 -16.5454 -12.4219 -7.75055 0.247249 7.55108 3.63876 -1.35752 3.51118 -8.47155 -21.9465 9.07507 -6.73981 2.4122 1.95474 6.41017 -9.87995 -3.75187 6.68821 -4.13218 3
7.04392 -8.40117 -4.4119 -8.45218 1.44561 7.02036 -4.67064 -3.45192 3.41433 -10.7332 3.80957 10.659 9.91786 -0.0784585 5.43346 3.0484 -5.53923 -1.69401 3.20577 5.96552 3
5.98183 7.26778 -11.5832 -11.4798 1.10188 8.81544 -12.3944 -1.28113 25.1994 1.32679 9.8077 1.98221 5.61894 3.90753 2.71221 2.84708 -7.74185 -1.05093 12.4402 5.26479 3
5.75339 0.25113 -6.97369 -10.7085 -1.206 6.71241 -0.543259 -8.52455 36.5174 -13.6544 -14.7905 2.50393 1.0422 -1.69011 1.36712 1.21602 -8.24334 -11.316 14.1399 17.2804 3
6.21626 -4.15884 -4.63972 -8.1052 2.80499 6.98042 -13.2421 -1.77187 7.50389 -0.25286 11.6006 5.23092 -5.59795 6.22711 0.947156 6.04321 -8.64378 6.97764 9.93703 3.26798 3
5.80557 11.8507 -5.93265 -15.1545 -4.64851 4.27807 -0.873584 -5.12465 3.92448 -11.2181 7.94713 11.336 -2.69444 4.60102 1.8934 4.79065 -10.5911 -12.887 5.90102 -6.76545 3
7.75583 1.32476 -7.31672 -10.2459 -16.9094 6.06036 -21.8261 -1.41164 -0.399577 -5.53881 -9.50284 7.85415 3.16456 9.49578 4.45852 0.162483 -12.6212 -14.7087 1.5108 7.60433 3
4.7275 -8.59901 -12.5563 -13.6727 14.7947 4.60909 -5.18213 9.52944 2.49694 -5.82174 -6.35615 12.5954 0.340878 3.8186 7.09145 6.15848 -10.2688 -9.36402 7.19145 -12.5045 3
5.73677 -0.647716 -11.8702 -8.84084 -5.88728 4.95634 -7.93319 -6.91748 12.7909 1.76088 -7.40486 9.54513 -2.26976 3.34005 3.06116 5.04872 -10.2041 -8.89113 24.661 -5.88012 3
4.66485 1.86902 -3.83739 -13.5423 12.7169 -5.9036 -8.92224 0.707525 11.3376 -10.5847 4.12118 5.76461 3.00716 1.84474 2.61746 6.19535 -7.07655 -5.31278 6.90254 -7.79874 3
1.01947 21.3955 -5.74286 -5.46964 2.62602 1.00147 -0.951917 -6.60716 -0.337449 0.0252012 1.85113 14.1521 5.00641 3.29428 -2.49741 7.40772 -8.24563 -8.89374 6.81471 8.27088 3
8.11085 4.59772 -3.43676 -11.0382 7.05347 3.91562 -10.6811 -14.0409 -0.235185 -0.414507 -10.5459 9.58678 13.5451 2.87928 -1.0522 4.35044 -5.17261 -8.2483 12.586 5.39146 3
9.57184 2.38544 -14.1655 -5.4509 3.17503 5.25373 -10.6773 -24.1099 2.89269 -3.0323 3.19676 4.84701 -1.35075 4.19607 1.69619 9.96614 -7.60949 0.688753 14.7603 8.1382 3
7.74545 7.13135 -10.8509 -8.49679 5.17849 0.734177 -5.69441 -15.6475 3.81464 -0.253947 -11.2632 7.93826 -3.79426 1.80229 1.62318 5.8247 -6.65164 -1.07072 13.3422 1.42532 3
4.10422 6.49865 -2.36624 -19.691 3.44029 4.46151 -6.43475 2.88918 15.1477 -2.7592 -13.1904 11.0662 -0.882343 5.78159 1.80458 2.53348 -5.9471 -8.7612 17.8308 -0.0969436 3
6.82954 16.9617 -1.51088 -3.01614 4.52447 4.87893 -5.96771 -8.17718 7.81019 -0.91302 1.46178 8.51415 3.74609 4.7843 4.47416 2.2277 -6.55959 3.91915 4.70182 7.91098 3
8.64733 19.8716 -2.20217 -2.35697 -5.42441 1.9652 -7.77594 -6.52248 10.9799 -11.1347 -4.92595 8.80799 7.69778 2.43117 1.33091 5.27185 -6.06479 -9.2255 3.10548 -4.96073 3
8.89553 8.874 -15.4055 -9.65476 -8.00753 6.42497 -11.4813 -1.16346 8.24045 -8.50409 3.63073 4.62647 -0.144147 -0.90118 12.0672 2.92912 -8.82138 0.955033 5.77601 6.028 3
4.85193 7.30567 -13.3557 -13.1376 0.542213 10.7055 -5.87773 -4.06251 10.3729 -1.61705 -2.72721 5.00841 3.39404 8.95104 -1.66459 5.6158 -7.04225 -2.0314 7.86623 16.9989 3
9.65973 -4.68853 -9.35941 -8.80223 -13.2699 2.26174 -4.94169 -13.339 18.8487 -5.56501 6.65179 9.07074 -0.656016 4.72286 5.58239 8.10487 -8.47187 -9.04392 7.26315 11.4867 3
2.89623 -14.2511 -8.09773 0.299453 12.8443 6.19958 -15.9086 -5.90149 12.2401 -1.62411 -15.8009 8.72371 10.4764 2.23364 -1.64233 6.60305 -6.25084 -9.17118 10.7646 -5.56494 3
6.44028 -1.57116 -12.9919 -6.62787 12.9297 2.44051 -6.14611 1.89768 6.41674 -4.23647 2.1 8.72068 -8.6531 2.6366 4.23867 0.421977 -14.2709 -7.65804 8.53339 -9.79943 3
7.92953 -5.76906 -4.29106 -10.0776 12.5975 1.5818 -3.82747 -7.61423 -1.17904 -4.84275 -5.64273 6.55296 17.0647 7.15758 -1.16819 7.35078 -7.94982 -0.543399 2.81851 -0.91847 3
3.84499 -3.01863 -11.7741 -15.6375 12.7031 7.95017 -14.967 1.88488 12.2948 -5.83492 -3.4867 8.75503 -5.77024 2.86 -1.08883 6.18131 -13.5414 -15.4428 8.32401 -3.63685 3
4.56472 0.378443 -0.607323 -10.7292 2.28635 4.35258 -12.2368 -14.5215 7.8478 -5.78614 13.5183 4.194 3.84011 8.86564 4.70849 6.8907 -10.4061 -0.796988 5.10648 -20.0015 3
4.88406 -16.2342 -10.4228 -8.63265 1.25656 1.0296 -2.48228 -10.7874 1.15535 -1.65329 5.27717 2.43841 7.79469 -0.967689 2.95499 5.83119 -9.41373 -9.98381 8.62213 16.8253 3
10.5126 7.46981 -11.1265 -6.57027 20.8297 5.71098 -2.51829 -5.51037 12.7139 -10.5033 11.5482 7.70685 4.099 10.1591 7.40817 7.63557 -12.1696 -5.18807 8.0269 6.32056 3
5.39002 -5.49786 -3.78743 -11.3245 7.57345 -2.49718 -5.34835 -9.66137 17.0515 -0.514019 -23.27 8.08256 -13.2456 5.18684 0.99163 4.14703 -10.2345 -7.03459 17.7118 11.0133 3
7.41392 -4.50417 3.11149 -4.32809 14.859 5.37023 3.73133 -4.58055 11.0651 -4.73947 -5.28557 7.02074 -3.95026 5.77208 8.01202 6.58742 -12.9999 -10.7914 16.1878 -6.62763 3
3.90837 3.47981 -8.31248 -5.4667 2.10495 4.84105 2.31099 2.34267 0.120825 0.832169 4.4873 12.5761 5.74697 1.74325 3.09714 2.2858 -6.68618 -2.27456 -6.44363 -2.74085 3
1.43783 13.8943 -15.7781 -7.36599 10.3201 -5.82498 -0.298823 -4.69095 13.1677 -7.12013 -6.48215 10.8674 3.02461 9.70745 4.30381 1.81316 -4.92204 -6.62647 12.3583 7.03114 3
4.8177 -5.2587 -10.5847 -9.79915 9.73953 1.78457 -5.05794 1.29654 13.8746 -5.94026 -14.1446 6.84396 3.90315 4.34414 0.390194 6.49808 -9.09685 -0.547504 13.957 7.45068 3
5.32404 -6.91852 -11.8068 -14.2449 -1.11924 1.88627 -7.72534 -7.23491 -6.54449 3.57013 -16.863 14.7093 -7.76612 5.21844 1.8613 3.31555 -6.99538 -6.13987 6.8844 10.5146 3
5.7226 8.4949 0.174487 -5.7161 13.7271 6.63345 0.47157 3.67342 14.7689 -1.81492 1.85291 7.92881 8.82454 5.03665 1.23736 2.27738 -6.5245 -6.46744 8.75424 -5.60279 3
6.92663 7.62257 -5.16768 -8.17419 -3.14244 4.14882 -10.571 4.89754 12.8206 -2.93766 -3.37633 10.1864 6.3018 0.0232965 -0.219844 4.61806 -6.11159 -10.6632 -1.80533 8.67638 3
9.02946 5.65862 2.3695 -11.1569 17.1869 5.45629 -12.9108 -6.89438 16.9255 -8.77524 -12.5457 6.29984 -3.66334 2.43085 7.2087 4.70033 -13.9143 1.68993 18.3498 5.79149 3
10.547 1.45869 2.61317 -9.41625 -4.65063 16.0289 -9.044 -7.40562 0.87789 -2.92438 9.8003 4.22616 10.4381 4.58613 9.06715 4.18766 -11.2134 -5.46828 1.41554 1.7137 3
5.88176 2.37804 -16.3884 -13.0298 22.7519 2.09913 -8.31458 -16.4073 7.99913 1.39505 -2.55893 10.7555 8.76906 0.346375 3.36445 4.06089 -7.62959 12.8404 1.91889 -7.29935 3
6.33306 9.40749 -7.87638 -11.405 12.0118 5.09449 -8.6606 -4.4865 15.6 -6.05461 3.43423 7.84497 13.9161 6.93307 -3.60631 6.92162 -5.09744 -6.59627 0.608225 0.234586 3
1.73263 -6.05825 -3.41595 -10.2191 4.03758 0.786758 2.51014 -3.90405 7.05912 -5.79883 -2.05582 4.83285 1.84074 7.7235 1.54845 9.67146 -10.8058 -1.98282 3.7784 -4.60239 3
1.93475 -6.21943 -2.29307 -7.62048 -3.50054 3.11339 -7.45498 3.95186 11.1324 -5.52928 5.10389 9.39427 3.70094 5.66262 2.13769 5.59257 -9.98829 -11.8965 12.795 3.83606 3
5.0155 5.26483 -5.14141 -10.4073 12.0146 1.79433 -12.5655 -0.151602 15.911 1.12879 -6.59873 6.54724 5.29071 4.90517 1.94998 3.29778 -14.263 -16.7734 -0.0495827 18.566 3
6.79693 4.51467 -11.8304 -8.2085 8.24745 7.8532 -5.58858 -3.30598 -0.820576 -11.9771 -2.3821 5.29961 8.11004 1.29509 0.853675 -0.748355 -6.44353 -5.63744 13.6635 9.29519 3
6.27899 -15.9565 -8.72484 -8.0958 15.405 -1.49561 -11.1355 -13.5155 -1.70702 -8.54189 12.0777 6.5417 -8.01792 1.89928 0.125427 1.70454 -9.76231 0.75909 15.3555 -7.56375 3
6.38711 -14.2385 2.85454 -10.6292 3.62744 4.61888 -6.19883 -13.9851 4.85286 -5.642 -13.5949 6.71781 -2.12271 4.14516 1.71419 2.61153 -8.58336 -5.49363 -3.09125 3.1671 3
5.42925 -0.83715 -22.6588 -8.07349 15.5002 0.161948 -6.37652 -2.00698 -3.55385 -11.1907 -5.43537 12.2042 6.62867 4.9409 4.75381 8.96362 -3.60448 -10.7807 4.64463 5.86488 3
5.56361 -1.14854 -0.864835 -12.2829 6.8224 6.62669 -9.69988 -1.09241 14.552 -4.74914 -13.6106 5.78858 -9.6376 -1.54262 0.791437 2.50675 -17.7859 -3.70267 8.03251 -5.0019 3
7.07633 13.5197 -6.73829 -8.78031 13.6218 2.79574 0.0815498 -6.97139 6.37704 -1.98801 -13.1093 10.2094 3.2835 9.11972 8.90932 8.03807 -7.07781 -5.04433 20.9208 2.32735 3
5.11513 1.65382 -3.93864 -4.81791 -12.596 7.49076 -13.6842 -7.66436 7.52231 -9.54187 7.78531 8.75763 -2.46487 7.24034 -1.74139 6.17358 -9.42906 -5.70704 3.07924 2.88883 3
2.40206 -8.35331 1.39109 -14.1926 24.4305 4.12189 -21.5259 -22.0342 29.234 -13.1688 -4.28086 6.47091 -5.82876 5.18267 2.7436 2.30015 -7.618 -2.87313 7.35362 -13.7524 3
8.75776 11.4398 -4.94862 -9.158 -9.49752 -0.917446 0.373165 -10.5026 12.2597 -3.67736 4.46037 11.1867 0.199885 2.74559 7.15642 4.34179 -5.21477 -5.68248 2.49439 14.2279 3
5.78834 -8.10532 -6.8171 1.19333 0.93263 1.40322 -10.402 -8.71217 18.5623 -9.72331 0.0868066 11.7103 0.172353 0.00807745 6.59595 1.01392 -2.90721 -5.60197 13.5293 -4.01252 3
5.85256 7.41076 -10.0374 -4.81702 0.670998 -0.661413 -6.09727 -25.0261 5.34611 6.85487 -13.4912 10.8675 4.83499 3.72676 1.16682 10.3123 -6.81974 -6.83563 -6.9543 1.7813 3
8.83622 -2.66179 -3.82174 -11.1408 -4.74716 7.35671 10.7355 3.08507 -4.94227 4.38589 5.82407 9.07187 -0.326269 6.56377 -2.74493 7.13277 -8.1715 -1.43409 6.16731 22.3796 3
5.42376 -13.4881 4.43522 -6.20209 12.6634 13.3272 -0.200311 -2.2714 10.1657 -9.0409 4.76311 6.56354 -2.34445 0.928461 0.436054 1.7066 -7.71726 -8.78012 12.5431 3.54677 3
6.59432 10.5536 8.33617 -9.91524 -3.37135 5.42155 -7.80102 -11.7472 1.77376 -3.71806 16.9816 11.9811 1.16879 6.27672 -0.741542 6.67295 -4.32799 -10.587 5.42709 0.210757 3
2.58819 18.0721 -3.77021 -8.67858 6.53421 7.3323 0.598182 2.51927 18.0281 -4.95645 9.73001 5.83245 -2.21698 0.154264 3.60014 1.65353 -8.02508 -7.48262 11.8879 2.04386 3
5.87207 13.3623 -10.7489 -14.3876 -6.61517 2.00382 -3.41721 -10.9423 7.55463 -3.86824 1.09376 8.0368 11.1682 5.95158 -1.96065 3.22304 -10.8571 -4.74853 9.41941 7.90829 3
4.66832 -0.198059 -11.2641 -8.2153 1.49742 7.09246 -2.8604 -10.2899 10.828 -13.891 -5.28773 11.8355 1.7504 4.60863 0.0755172 7.81147 -10.2417 -7.35337 24.5967 -11.1936 3
6.92848 -2.343 3.51271 -7.39045 -3.32116 7.10681 -12.489 -6.95283 13.6042 -1.24931 -25.9506 10.6746 11.9545 4.12932 -1.93348 7.32717 -4.31385 -7.52944 11.2559 0.178269 3
7.04779 0.182381 -10.853 -8.46227 -7.96399 10.4977 -11.6675 -13.1388 9.59424 -5.15487 0.962801 6.86599 -0.546669 1.0102 5.20855 9.09237 -10.1284 -7.25692 -3.01082 13.196 3
-0.666118 -3.08154 -1.59649 -10.7984 -3.93444 7.74043 -2.7684 11.6603 -2.35356 -1.46769 -11.1116 11.2755 -3.56623 2.54209 6.58675 -0.19344 -7.83572 -14.0111 3.90233 0.326272 3
6.25549 -2.04965 -15.4089 -9.94587 16.6142 1.61736 3.38763 -2.30447 20.7963 -8.67434 -5.39101 8.13899 6.34737 7.06444 4.37514 3.97848 -8.53566 1.05771 8.77963 5.72145 3
6.5462 3.09194 -10.8155 -11.3105 9.24505 13.7664 -1.10748 -3.44478 14.6281 -7.55937 -8.53477 7.11541 -7.25024 -0.556833 4.15219 -2.33936 -5.28067 -5.1362 -7.85053 2.30309 3
4.07135 -4.72314 -7.77164 -9.23307 11.6267 4.02454 -6.27372 0.888806 8.42422 -0.584889 -7.42437 7.7719 6.58655 4.93399 5.0347 4.69444 -9.42491 1.65032 -0.299077 -6.46935 3
2.4587 2.24648 0.897006 -11.69 2.59435 7.70647 -8.04701 -3.65358 13.2035 -3.73815 14.0198 6.10424 4.34015 -0.646435 5.30579 0.563965 -8.61232 -4.05983 13.0316 -7.29855 3
9.28186 0.24038 -7.66737 -15.032 14.3955 0.529623 -0.261744 -4.49358 14.9174 2.18604 -3.16181 7.18448 10.4072 4.35487 -0.778694 5.61708 -11.9861 0.376546 10.8168 5.64892 3
6.25971 7.97664 -4.12243 -10.7645 6.70788 -2.96748 -0.829553 -7.34053 8.70984 -4.42805 -5.57781 5.38162 -6.55631 5.66079 4.8029 4.85736 -4.30109 -5.66543 3.14547 0.467016 3
6.75732 10.2938 -1.82308 -8.70145 6.27205 8.87052 -5.99 7.26528 -2.05063 -1.88494 7.59246 5.91518 5.41333 2.28199 1.86118 2.32339 -4.80819 -13.6606 9.55085 0.168045 3
3.61627 3.53052 -10.5937 -6.00183 14.9518 4.97282 1.11394 -15.3408 -10.0814 -7.71482 7.91891 8.23532 4.47489 3.33747 2.44521 5.17968 -5.7752 -6.29291 13.6055 0.446435 3
0.213379 -6.03195 -11.1455 -9.88614 24.5566 5.3931 0.304021 -8.85753 13.2013 -1.22237 -0.253516 13.6607 -3.9343 6.07179 4.70588 6.20067 -8.94757 -7.29996 6.24492 1.46946 3
5.78923 6.51754 -7.98607 -11.1917 21.5508 5.4698 0.0931548 -13.3954 6.62203 -7.92707 -0.619435 7.0765 -0.297502 2.87093 -0.119528 1.74432 -5.05811 2.55493 12.0599 10.3922 3
10.167 5.2506 -6.31655 -13.484 -2.95514 2.56133 -0.00659016 -3.74003 13.8785 -6.18232 5.63926 8.2468 1.24761 3.99549 5.81843 4.05131 -6.3538 -6.93026 2.67836 8.45994 3
9.71813 -4.42517 -8.44813 -6.88087 -12.1318 9.33467 -3.28833 -9.79288 -2.77126 -10.2173 -5.66244 7.37549 9.90274 7.75958 3.53492 5.31405 -7.1642 -9.8857 6.74544 -3.1197 3
6.60417 2.21125 -12.4109 0.479412 -19.5545 5.49561 -11.5026 0.458536 3.92997 -6.54792 15.2795 11.3618 -1.00781 0.658777 0.465525 6.01641 -6.0894 -12.112 9.90407 -0.960184 3
0.839105 11.7693 -6.86407 -5.84899 -4.48375 2.36313 -7.7148 4.08624 1.69729 0.920222 -2.98272 7.99937 -5.84402 3.97284 3.58598 3.50074 -10.7965 0.301291 7.81168 1.5199 3
7.807 11.838 -1.81584 -9.26412 -0.121111 4.28468 -9.14982 -13.6344 18.0927 0.614911 -23.4275 8.64687 9.30199 7.24097 0.481636 7.60866 -6.40212 -5.21917 7.70929 -21.7846 3
1.63965 -0.82631 -1.94546 -12.8143 11.8281 2.84283 -12.1049 -15.509 2.00729 -3.61384 6.36593 6.42902 1.89605 6.74934 -3.56315 4.61356 -6.04978 -14.7031 13.391 -5.43468 3
7.75389 -0.0290743 -2.11764 -8.0623 11.4663 5.13613 1.99331 -10.6864 12.5557 -13.2177 -0.480358 13.6217 -4.27795 2.84827 4.29737 2.34147 -10.2753 -6.48252 8.04096 2.71237 3
4.15142 -3.20308 -2.41574 -8.40023 10.6013 3.4448 -11.306 -3.52751 -2.67588 -7.86285 5.98736 9.54183 12.227 5.39886 -4.45637 7.07121 -3.74662 -7.18913 11.6245 -19.1954 3
3.88121 -14.0811 -11.3189 -11.0561 4.12776 5.51752 -2.42609 4.02892 -8.18774 -3.0992 -0.178861 9.2445 1.1951 5.87826 2.09797 2.99882 0.387507 -14.3815 13.5494 2.08828 3
10.479 3.71051 -17.044 -8.71914 -4.0479 3.42816 -9.44928 -4.06493 -1.59341 -5.39716 -5.52157 8.81211 7.92027 6.85044 4.98925 0.771685 -7.19021 -9.9192 5.9733 13.0205 3
3.59199 8.69376 -2.96149 -11.6725 -0.0935842 -2.21272 5.68424 -19.3491 2.91228 -12.6205 8.25887 8.97588 -0.61805 1.43306 2.80532 8.9922 -4.84953 -13.4318 10.6037 -1.02084 3
3.94447 -3.88491 0.100217 -8.81102 11.7165 8.70534 -8.91099 -13.9344 -4.81197 -8.86024 3.43218 4.00595 -2.47773 -1.76647 7.01603 3.3792 -6.88721 -17.5178 9.904 7.82379 3
7.2546 8.61492 -7.2902 -2.45762 0.633309 3.41699 -3.5962 -9.49409 7.12478 -7.59133 -5.20729 5.38412 -1.79816 0.376579 4.77069 4.16617 -10.0459 0.434369 1.02245 5.04044 3
5.91509 -0.523345 -4.72521 -7.23935 15.1726 4.58295 2.3924 2.27727 -3.14369 -5.36273 0.286162 7.89355 -3.46078 5.80919 4.5903 3.4516 -2.81528 -8.33839 25.3382 5.59469 3
3.43698 -1.74833 -10.5114 -8.44237 4.74641 3.54349 -1.22841 -0.309964 16.1142 -5.15249 1.80873 11.9002 -7.43928 5.86509 0.909568 7.96879 -6.31207 -14.9691 7.63733 12.0242 3
4.59398 18.791 -16.2561 -10.1928 22.8972 1.33871 -7.18122 -8.5034 15.9939 -9.34145 10.5827 8.47804 -8.64727 6.88381 -0.345574 0.532387 -7.14588 -2.05228 9.21247 12.8618 3
5.04623 -6.57371 -6.83497 -11.319 -2.53639 2.15915 -16.5421 -6.44181 11.3728 -6.26462 6.62803 5.49476 3.53766 4.70115 1.73531 6.07248 -7.01605 -6.60854 4.43462 -14.9431 3
4.01232 -0.192098 -6.70031 -8.32086 16.1599 6.95146 -13.8874 3.40403 16.2756 -7.00457 23.6918 7.87036 -1.91067 1.37203 2.29573 1.38467 -6.46195 -8.89688 6.65399 -4.58728 3
5.50947 4.79928 -3.86245 -15.6504 -12.2507 3.65412 -6.75183 1.047 3.90421 0.86356 1.65731 8.57801 -2.63187 7.60459 -1.47889 5.52713 -5.93807 -3.83899 6.47433 14.2978 3
6.88051 13.5213 -15.7093 -13.9143 -6.52833 4.86926 -4.32148 -1.45856 20.4148 -2.52213 14.166 7.79749 7.86638 7.0408 -5.38636 5.492 -5.40851 -6.98546 7.04524 -4.86158 3
4.74885 -8.39477 0.381252 -8.01347 3.21002 3.94519 -9.3205 4.16357 -1.56787 -3.10684 8.37824 12.4155 -0.0673318 1.69498 0.524342 7.92381 -11.5217 1.63904 6.21445 -9.02195 3
0.788458 2.5741 -0.713964 -7.42205 2.49229 4.42022 -9.20363 -4.46894 -1.7478 -5.73226 10.664 5.73422 7.60464 5.14072 6.04196 6.91243 -12.3553 -11.5695 2.19174 -1.66745 3
5.46564 -4.06446 -8.67108 -15.4827 -6.58219 5.5656 -7.13192 -6.67088 2.45456 -14.7964 11.2622 11.2977 5.33342 0.0920016 -1.1721 0.834653 -6.09303 4.14482 1.336 -17.7193 3
3.17813 -7.29554 -9.61042 -11.9957 -6.06766 6.12266 -11.3168 7.33514 6.1602 -6.38761 5.55394 6.24722 11.5907 -1.12555 4.18203 5.11047 -5.27846 -2.36976 5.28772 1.55001 3
5.05129 4.65091 -8.14607 -8.20796 -3.83035 1.83039 2.78135 -7.67045 22.6029 -10.536 -7.22328 7.73493 9.6567 4.67688 4.75263 4.71613 -8.28799 -1.63796 4.38211 -5.34142 3
5.17961 -0.237868 -1.73419 -4.82021 12.9718 5.20998 -15.5973 -10.2608 14.3855 -6.67908 5.88039 9.95678 1.42605 -0.188246 4.36031 -1.77013 -10.6496 -0.0180085 10.4363 1.89762 3
4.40331 4.02719 0.0423813 -13.4735 13.5219 2.7062 -9.19899 -9.5963 9.75962 -7.32201 -19.2373 9.49863 -3.24793 2.6345 -1.62296 0.426902 -7.6836 -16.5392 0.358892 -3.54809 3
2.39195 11.3215 -7.38697 -12.0967 12.719 3.31988 -10.3159 -8.25377 3.95768 3.06653 -9.50585 9.1755 13.4853 2.68735 7.27934 8.13632 -4.99161 -5.6287 7.94749 -1.97809 3
2.8198 2.61202 -4.7975 -9.2406 12.7452 4.8812 -14.7856 -14.5461 7.6157 -6.11599 10.7443 5.52147 -5.57568 0.406715 3.52772 6.03634 -9.21772 -0.347009 5.83802 -10.8877 3
3.99989 0.706413 -8.6204 -4.90043 -2.28793 12.0195 -16.1396 13.1879 10.4965 -2.33101 -0.22508 10.0776 5.39363 5.09093 3.46008 2.01262 -5.95554 -13.1009 6.82842 -10.6729 3
-5.98245 -9.08883 -6.42902 -5.48612 2.64967 -6.67772 11.3901 -15.7587 -5.92792 6.16556 -4.0181 3.38586 -3.06978 -5.3214 -10.3498 -7.72408 -1.39314 -3.01277 -1.22288 -1.47417 4
8.84024 -9.88341 -7.95018 -12.9578 -4.75972 -18.1419 1.79327 -2.29565 -4.26194 -4.45258 -0.324565 3.16355 -3.35019 -2.78281 -8.64882 -9.48566 -3.77353 0.360555 -3.94946 9.57098 4
-18.3147 -7.76826 -3.31164 -3.66868 3.34515 -19.0436 14.0394 -6.46007 -7.41549 12.4907 -0.456284 1.70781 -5.37553 -7.79201 -7.53253 -5.85418 -0.512986 -5.91065 6.17873 -3.65983 4
-1.29327 -13.3247 -5.38742 -9.19512 3.1778 0.00919611 -1.60886 -9.68943 -6.34776 -4.62106 -2.94357 -1.54679 -3.7378 -3.33232 -8.56487 -5.33232 -0.204731 -3.42328 -13.3714 12.203 4
-12.4809 -11.2065 -8.01366 -5.22623 -4.52236 -2.01948 3.75119 -8.04513 -8.94047 3.36275 -2.87592 4.29947 -3.36998 -4.88993 -5.52846 -5.81577 -5.68248 -5.36487 4.23736 17.3696 4
-5.94499 -4.94548 -3.26588 -10.2921 -5.90558 -13.2822 4.00903 -9.97936 -2.05741 9.05969 -1.59989 -0.434219 -4.0558 -4.15955 -5.28712 -7.46711 -3.30951 -5.56728 -4.65899 -2.33251 4
-0.820841 -9.2677 -14.2602 -17.5246 -1.46016 1.12086 9.76661 -2.56595 -9.84592 14.9561 -8.60277 7.70622 4.8569 -4.96103 2.87196 -5.28861 -3.03156 -11.0205 -21.2082 10.3559 4
-14.9702 -12.3973 -4.17073 -13.9986 -3.00832 4.93753 -11.3542 -2.09608 -7.30983 1.63439 -5.42172 2.07505 -4.6119 -9.18645 -7.27721 -8.9316 -1.57946 -5.87269 -4.94994 -3.42349 4
-17.9142 -8.99776 -5.21254 -10.9648 2.17339 3.8175 2.27812 -26.0709 -9.52177 -0.0794787 -0.54866 -2.96318 -7.47396 -6.55176 -4.14286 -9.50498 -3.11355 -2.62079 12.2421 -0.77282 4
-15.6788 -2.50616 -13.3968 -7.2509 -0.777539 3.81351 5.24403 -13.7222 -3.77411 12.247 -4.55486 -0.163103 -6.40813 0.714344 -18.2699 -6.11621 1.4806 -9.46475 -3.45198 4.58748 4
-16.5454 -8.25982 -3.64764 -15.341 -10.5923 10.8185 4.58691 -20.2322 -7.3358 16.2326 -4.60887 3.26126 -2.32512 -10.7953 -12.7443 -8.92889 -1.33447 -7.29591 -9.45993 9.23238 4
-16.468 -9.24414 -3.54686 -17.315 1.18564 10.9498 10.8999 -11.1088 -5.12181 4.95287 1.74023 3.31009 -3.63936 -14.1466 -6.60653 -8.04396 -1.84039 -14.4758 -6.94992 2.67812 4
5.63705 -12.0196 -16.1203 -14.3592 1.06323 -7.82814 5.65526 -9.19833 -8.21006 -3.48084 -3.95702 2.32174 1.47916 -5.85136 -7.50255 -8.74097 -3.16294 -13.4627 -12.8694 -5.16857 4
-0.252746 -13.2686 -9.91508 -17.1635 0.571427 1.26506 1.51831 -8.52133 -10.2033 -1.24501 -3.94144 4.05038 -2.49481 -9.33734 -11.4734 -8.28723 0.297155 -5.86261 -5.08391 35.7111 4
-9.97275 -9.14108 -0.661504 -3.91651 -2.92142 0.281414 -2.40334 -14.3783 -7.45654 15.1487 -5.51819 0.819319 -6.01242 -4.82947 -14.8131 -6.2254 -4.40421 -7.97177 1.76483 12.6894 4
-3.93913 -14.0651 -3.10895 -2.33731 2.10309 1.54624 -1.84948 -17.3696 -10.3033 4.93092 -2.81152 -0.729594 -4.16364 -1.5218 1.83922 -7.42204 2.54604 -4.26683 -12.3954 5.20657 4
-11.187 -6.20051 -1.76692 0.56812 -6.52778 9.03837 4.99405 0.952654 -5.84519 16.9669 -8.5307 -1.28763 -2.35502 -1.31858 -6.42917 -7.24021 -4.36435 -10.8514 9.94401 -9.15647 4
-0.295957 -10.7079 -2.2041 -14.3983 1.48292 8.37823 -0.899468 -9.22349 -10.0839 24.403 -4.76069 2.4435 -4.18158 -1.48131 -10.6238 -8.69158 0.525333 -8.59193 -0.144611 11.4771 4
-7.11922 -10.098 -2.81651 -5.836 0.723647 -6.04117 -1.8388 -8.3967 -4.87118 16.9189 -1.99167 3.10296 -2.63224 -7.55219 -8.78214 -4.88956 0.434407 -1.52 -6.9732 10.2593 4
-18.2177 -11.5887 10.6243 -3.70978 -4.54758 -0.630517 8.52599 -5.59259 -11.7306 25.8725 -1.14825 1.71086 -5.3555 -8.08627 -16.8635 -8.68058 -2.11942 -16.0316 18.7222 6.75887 4
-10.5718 -7.98199 2.77093 -13.432 1.18762 6.25457 14.59 2.44876 -7.86367 15.6895 -9.09583 3.85484 -2.44933 4.18113 -18.7053 -9.29954 -0.0577648 -8.59676 -2.78541 5.75695 4
-2.14019 -10.9618 -5.94681 -20.1223 2.25958 -2.87438 -10.0401 -19.4677 -10.5427 2.99476 -2.51576 0.33075 -5.53993 -0.738625 -2.86313 -8.66291 -1.06684 -9.7091 9.55071 -2.76254 4
-10.1854 -6.39807 -6.96784 2.83837 8.29505 0.937533 5.97547 -6.91275 -11.9032 0.748409 -6.06263 0.703692 -4.59769 -1.05459 -19.4118 -5.79403 0.688661 -7.22886 -2.8714 10.8071 4
-12.8658 -6.41084 -11.1218 -16.0186 4.34802 0.356508 12.4266 -10.4228 -7.63721 -0.168437 -2.18993 4.98998 -1.2327 2.44004 -12.7403 -7.85111 -2.04284 -3.46832 -5.68565 4.28141 4
-28.0972 -13.6581 -3.33433 0.0914604 6.68723 -8.73566 8.43632 -15.9604 -13.0293 6.05055 0.31049 -0.446901 -2.8557 -8.91078 -18.7057 -8.19179 -0.78045 -5.0073 14.561 -22.8552 4
5.78784 -8.95499 -5.34596 -29.0917 -3.06068 16.701 -1.41203 -10.991 -7.50444 2.05325 -7.61434 2.83251 -6.53113 2.52661 -11.2743 -9.67502 0.0974461 -13.2725 10.9395 2.9166 4
-30.5591 -12.469 -6.11153 -18.8735 0.810859 -17.563 10.0262 -13.9478 -7.97956 13.8373 -6.74347 2.13881 -3.36652 -2.2104 6.93867 -9.74144 1.99275 -8.86601 2.54713 6.44967 4
-13.4078 -16.8815 -0.219194 -4.02317 -1.62475 -9.27843 16.0722 -17.2437 -7.98207 17.4906 -4.21126 2.36649 -1.87356 0.694286 -8.10944 -6.75318 -3.09815 -5.69221 -14.124 -4.63485 4
-8.12993 -5.70377 1.4733 4.02314 0.267484 9.99509 9.08882 -4.69218 -5.93916 -1.86137 -3.99408 2.15563 -0.74517 -0.346339 -14.034 -5.44164 -1.88446 -6.21515 -5.81408 -0.669561 4
4.35138 -11.3566 -3.01605 -14.2021 0.810989 -13.1525 -1.54642 -14.7257 -4.23974 10.8028 -6.64959 2.26238 -4.86811 -1.18196 -15.8852 -2.80165 1.15508 -7.40254 3.32495 0.538928 4
-7.49002 -9.76203 -4.27329 -21.5916 8.01576 2.12976 1.00988 -12.7574 -9.84994 -5.86445 -3.82715 0.652013 -4.00667 -6.99382 -1.18386 -10.2468 0.453524 -15.3376 6.77943 8.30646 4
-7.75335 -7.51024 2.58975 -0.631006 -1.15007 -6.33412 3.10326 3.43902 -4.30642 12.4638 -5.42027 1.00934 -3.69986 -4.35539 -7.68822 -3.53748 4.08962 -11.7492 11.2348 -5.17353 4
-11.2731 -8.02941 2.93895 -16.7833 4.19093 3.31986 9.51519 -8.80517 -8.91492 -0.46722 -5.26039 0.847214 -9.14375 2.29504 2.08664 -4.49761 -1.92075 -5.82786 3.03667 9.48645 4
-8.99633 -7.50162 -10.5392 -10.9875 -4.31781 -10.5652 6.35066 -12.3259 -7.77452 3.83723 -4.21877 -0.0988265 -1.98306 -1.57081 -1.8771 -6.39112 0.731172 -5.38852 2.95039 0.385003 4
-5.95305 -4.96766 1.0319 -9.19683 4.34976 -4.11849 -4.18187 -9.3135 -10.5478 21.8983 -4.31658 -0.589821 -1.64688 -7.18825 -14.3979 -5.04686 -2.98759 -8.4052 12.1323 2.93238 4
6.59162 -5.68787 -9.81463 -16.8371 2.35899 -6.38502 3.34565 -8.5671 -12.1681 13.114 -4.28592 8.00245 -2.45632 1.56286 -3.70618 -9.00793 -1.26046 -10.1626 5.64365 -11.592 4
2.69748 -9.52872 2.88183 1.20817 -2.06774 -3.34028 14.9082 -12.0939 -11.4651 20.0788 -0.646621 4.61332 -2.59952 -4.45491 -10.7948 -8.60814 0.070768 -2.92505 5.01492 16.3254 4
-22.3564 -9.84468 -4.94542 5.02921 0.600342 -1.07987 9.10398 -15.0658 -7.17353 -5.92933 -5.71471 4.11909 -5.41353 -8.4316 -8.24002 -8.34626 -3.21639 -2.81527 -7.28942 9.56741 4
-23.149 -7.03538 0.670283 -15.7118 5.78104 3.45859 5.73344 -13.6863 -7.68122 8.51627 -7.16738 1.00157 -4.50391 -8.6463 -0.731337 -7.03244 -1.75324 -5.52062 4.05255 3.1839 4
-14.6804 -9.09478 -0.121267 1.48773 4.3855 0.34592 10.1743 -10.4604 -6.88436 9.18799 -4.32051 1.23657 0.472652 -1.92941 -16.9675 -6.40023 0.82063 -7.98305 -1.18634 -1.39604 4
-1.27462 -9.62294 -15.7255 -14.7491 3.24363 -0.266347 15.2088 -7.67801 -10.8574 24.7439 0.705308 0.29785 -3.39783 -5.60913 -7.83721 -7.29016 -4.47173 -6.05033 -10.5446 21.9338 4
-16.1518 -7.66446 -3.33388 -2.11382 -4.80903 0.638776 9.2325 -10.9263 -4.34862 -1.77966 -5.34828 -0.10983 -3.27389 -7.53232 4.89001 -9.53544 0.446736 -7.51865 1.59304 0.583523 4
-11.0963 -11.4163 -4.29509 -9.95766 -2.6748 -9.84903 5.96673 -6.54564 -4.81482 9.61656 -2.89883 3.68954 -5.48261 -9.46066 3.86984 -8.79127 -3.10281 -4.567 5.7831 7.85068 4
8.32105 -10.994 -5.53406 0.876878 -1.88583 -7.0439 12.2827 -8.15849 -4.75924 8.95456 -6.00637 1.59003 -5.8977 -5.39096 -21.6512 -9.35288 0.231798 -16.0281 -0.23781 13.0646 4
-4.23293 -12.141 -1.44767 3.01913 -2.74804 -2.92827 1.83008 -13.5089 -12.3859 23.7697 -8.34164 2.79829 -2.83895 3.07351 -11.1688 -6.44604 -1.36693 -14.8254 10.2493 -3.3938 4
-16.9046 -10.2145 -4.17272 -15.648 -5.87525 -13.4481 22.5355 -9.94022 -6.1913 18.1374 -5.04571 0.694318 -3.01002 -0.00934261 -3.35993 -9.84362 -2.21265 -12.2793 -0.398913 0.626709 4
1.04662 -10.8718 -8.4448 -15.9162 0.205874 -5.7837 3.30335 1.78399 -6.92272 29.1698 -2.35209 4.24719 1.15925 -3.66123 -19.7896 -4.38555 -6.71372 -5.86351 1.5721 7.98232 4
-17.7844 -8.0484 -9.744 -19.1525 2.28658 -8.21474 6.74927 -6.16975 -8.35298 0.826791 -5.36848 0.418974 -2.75173 0.716259 -7.05896 -7.60423 2.70589 -3.46605 -10.1651 17.6307 4
-23.1886 -3.52233 -2.50954 -17.1128 0.961962 -10.6102 -4.51321 -6.69066 -3.33663 2.08701 -7.24704 1.23627 -4.64159 -3.77833 -8.70167 -7.45221 -4.58871 -9.20301 -1.14162 7.47874 4
-5.72586 -9.61124 -11.4886 -18.4722 -0.19305 9.85085 2.09347 -6.90159 -7.87963 4.5241 -1.39897 7.01872 -3.60671 -11.1632 -8.47227 -2.41522 2.05885 -2.37601 -7.80056 -7.70531 4
-9.81043 -8.26601 -14.1013 -1.98377 -5.16887 -3.51913 15.9047 -3.37059 -12.0367 -8.60583 -1.24904 0.931721 -0.0645923 -3.43466 -2.23718 -7.50566 -5.12815 -9.66598 3.04881 5.34 4
-20.3362 -14.2236 1.76257 0.878494 11.395 10.4496 13.2349 -21.2131 -5.81463 7.69067 -5.40848 3.77097 -1.21158 -1.97872 -14.5522 -5.7269 0.203177 -1.35449 5.21834 3.01467 4
-6.15687 -10.1746 -3.11088 -3.74807 2.62377 -13.5529 4.43186 -5.30561 -8.04286 9.47237 -4.983 1.41655 -3.31813 -6.62292 -20.0637 -10.4165 -1.62007 -0.535996 1.90262 5.95284 4
-15.3174 -8.76341 -3.01317 -12.3474 1.78489 -27.4426 -6.41093 -11.3426 -10.3551 -5.06971 -3.92163 -0.132739 -2.60536 -5.87776 -3.87155 -6.31515 -4.69259 -4.05061 -0.00601984 8.50837 4
-29.3034 -11.0985 -12.2351 -2.97385 -4.16259 -10.9419 5.32687 -7.58979 -3.81674 8.8783 -3.72465 -1.97475 -0.37665 1.06819 -19.9034 -7.45734 -4.50057 -4.69016 7.00183 7.62887 4
-13.9093 -13.2717 -0.925347 -10.0037 -1.77581 -9.95777 -2.83093 -6.71995 -5.50208 0.424761 -7.11821 5.40435 -4.40631 -15.1162 -10.7679 -1.1088 -7.78455 -7.56199 -12.1048 3.53439 4
-2.88311 -13.2004 -3.72069 -6.66493 -2.20434 3.49098 -0.563293 -11.4556 -9.71896 5.17439 -0.602367 3.68028 -1.50746 -1.06094 -12.0638 -7.29621 0.731158 -11.6853 -7.89498 3.56977 4
-24.2352 -8.81329 -0.470166 -16.3327 -0.713623 -1.42875 6.77149 -11.0016 -8.31032 22.3684 -9.47223 -0.234843 -0.338482 -0.239843 -9.55922 -3.57489 -3.55274 -14.1733 -0.313148 5.92899 4
-14.5182 -10.8459 -10.4752 -16.0285 0.641434 2.28238 9.8429 0.00895357 -9.57295 8.04152 -3.73613 0.0473213 -3.62862 -1.92927 2.38933 -5.56508 6.27076 -5.24967 2.29152 14.1626 4
-5.76444 -7.73987 2.79702 -29.7481 -2.2401 -2.96971 1.93593 -17.8623 -7.978 7.41673 -5.91831 3.0445 -6.25802 -3.1164 -4.8549 -7.6084 -0.0870681 -9.99602 2.23466 8.52315 4
-10.9904 -7.46486 -13.9415 -8.79332 -6.31036 9.8811 12.3336 -8.00045 -11.6402 2.5242 -3.48179 3.51408 -4.01576 -0.791221 -12.8539 -7.96399 -4.38836 -7.28157 -8.95503 2.21997 4
8.60781 -5.6323 -2.03224 -16.3168 0.97615 17.4548 2.25717 -22.3034 -6.1296 9.81291 -5.46793 -2.09757 -2.87348 -4.71184 -16.6409 -0.201152 -3.08391 -11.4641 10.6949 2.2036 4
1.12265 -12.1103 -2.00866 -18.1897 4.93516 -18.2738 17.5226 -10.2086 -6.97449 14.5782 -2.62226 0.941453 -4.65568 -4.21733 -5.12105 -8.38344 0.514098 -7.99085 0.268668 -8.86444 4
-8.10638 -7.37043 5.88797 -6.63115 -2.88695 -15.878 -9.16421 12.4937 -11.3728 1.39573 -3.71704 1.95173 -4.45777 -4.55302 -1.22198 -1.62975 -3.80355 -5.1001 -15.1966 6.00379 4
-2.29861 -9.34141 -0.0940885 -6.00808 -5.4096 -6.54059 -5.1111 -8.67073 -4.46564 13.6827 -4.50106 2.69777 -3.30371 -6.33481 -9.36701 -12.9999 -3.5562 -2.68288 -6.55346 8.66048 4
-18.7282 -8.99511 -2.00639 -7.75561 -4.77518 13.872 6.45371 -13.3025 -8.12831 14.2666 0.477345 -1.32385 -5.37903 1.96544 -2.74947 -9.78574 1.05621 -14.1813 -16.1768 6.88308 4
-7.90749 -5.88194 0.0353755 -3.11304 0.120723 3.09455 5.00368 -2.90121 -9.91024 -8.42317 -2.68039 2.91443 -3.09229 -1.09295 -2.99082 -4.75842 -2.53752 -11.469 6.74902 13.5084 4
4.3424 -9.26901 -12.3446 -2.07471 11.6813 -12.6691 21.4292 -14.192 -10.5324 -3.42951 -2.78453 4.53352 -5.01377 -6.75755 -10.2864 -9.14878 -1.40816 -12.8108 0.826452 18.0703 4
-2.7057 -11.6366 -3.13351 9.73028 -3.36115 -11.2551 7.60018 -14.5268 -12.1166 14.6703 -7.15472 -0.643967 -4.71341 -5.82139 -17.2539 -6.18733 0.605433 -5.18557 -4.03614 7.10529 4
-3.16742 -12.1921 -6.65766 -4.93022 1.10254 -1.72529 10.0738 -13.1196 -11.6312 10.5712 -0.986312 3.3321 -5.23434 -2.28566 -7.40165 -7.88321 2.60425 -8.93472 -2.72353 2.18026 4
-2.51207 -11.3293 -9.45524 -15.3683 -0.768541 -7.59988 6.74536 -3.38872 -7.91924 1.81896 -1.20885 -2.17435 -4.4696 -7.72537 -16.7773 -9.44128 -1.811 -4.29473 -2.11387 -2.36077 4
-12.9833 -8.03296 0.288568 -13.5487 -4.05457 -1.41482 3.7797 -20.4899 -6.13934 -2.24442 -2.73501 4.46771 -5.72944 -1.4887 -5.08679 -6.3129 -5.67743 2.16263 6.30353 5.99783 4
1.11039 -8.05276 0.215421 -28.4843 4.63466 6.14741 -0.0851476 -7.38857 -5.5739 20.6457 -3.31607 -3.47704 -4.06149 -5.23909 -17.4434 -9.03555 0.112094 -10.2322 3.94719 -5.56861 4
-2.67601 -12.8233 -2.47748 -13.5772 -3.07838 -11.3392 -0.653498 -14.5944 -5.02229 9.76564 -4.81571 1.14885 -3.757 -7.85517 -1.23587 -9.55994 2.57874 -1.70998 5.28499 23.7 4
-8.68261 -12.9179 -11.962 -11.0028 -4.39258 -7.68868 3.35834 -2.34438 -5.52199 15.212 -0.163818 1.34722 -1.9523 -3.57649 -2.34771 -9.90186 -9.12064 -3.09846 0.871647 12.3173 4
