classLast,20,5,space
10.8456 3.86039 5.51238 0.12972 9.63349 8.733 -25.2507 -15.7953 -10.7237 1.97753 3.56993 10.7232 4.03555 30.7426 -5.8535 -13.9811 4.19928 -13.9311 -0.0414181 -8.27974 0
2.73988 3.07377 13.8565 -4.24383 6.07162 -2.97503 -8.89484 -0.210769 2.13067 2.86859 14.9778 5.18912 6.35973 1.60397 -3.81964 -6.38714 7.46081 -9.68479 0.19356 -4.79335 0
5.02125 8.07875 1.58524 -8.63441 8.56602 7.7377 -3.77366 -1.81287 6.29584 0.0140637 3.2075 11.7946 7.97767 18.1848 -7.61134 -11.203 3.51733 -8.39241 2.95099 -7.11213 0
5.07462 -2.8205 23.1713 -15.3388 14.785 9.84748 -12.6765 5.88396 0.148475 -0.0305147 3.04118 7.79905 4.34553 0.650159 1.11414 -6.96327 4.81059 -10.9875 0.0949471 -9.02694 0
3.70186 8.17769 9.34933 -9.73856 7.36069 5.46216 -15.0798 -4.53391 3.38455 -2.4355 7.04922 5.70334 4.90532 9.5131 -7.57335 -2.07224 7.11815 -15.8432 0.267588 -7.823 0
4.64476 0.510075 12.7825 -8.85822 13.8684 11.4472 -13.9648 17.8134 -1.08951 2.62226 2.46464 5.09755 7.28373 26.4734 -7.43442 -11.2876 5.98797 -11.1359 -2.06882 -5.11811 0
3.11465 1.94815 11.629 -17.2535 12.0605 11.1362 0.788915 -0.547028 0.418474 -0.565682 10.6191 10.3094 5.36048 14.6757 -6.90776 -1.65576 6.88697 -10.2634 1.70732 -7.01314 0
11.1504 11.0939 -4.51395 -3.46848 6.24453 0.389897 -0.464783 8.32071 -4.85777 2.41302 10.8198 10.8265 8.63073 6.95411 1.03996 -11.9984 3.05062 -13.0818 1.70136 -10.0015 0
1.52591 -2.83158 15.8285 -4.74983 6.82998 -5.38553 -4.9843 2.41457 0.456326 0.886373 3.04875 5.71838 6.6076 9.3876 -8.70518 -3.77899 11.5166 -12.8054 1.73257 -9.68168 0
1.58104 5.53558 19.7538 13.2501 6.00723 4.15467 6.1272 5.20213 1.04185 2.45867 0.969572 10.5564 6.44636 12.1056 -5.15394 -24.3313 5.74288 -5.82736 -0.12212 -7.14799 0
4.06397 4.97088 11.165 -12.4826 3.59045 6.05911 -9.69088 -5.89862 -4.23833 -4.75676 -2.71908 6.03938 9.58775 12.3225 -8.91284 4.07935 7.30715 -8.86979 -1.3582 -7.89731 0
2.60589 0.0286486 -8.01613 -3.38535 9.54805 7.54096 -10.4032 0.534708 2.11718 3.32284 5.90296 7.48447 13.2155 -4.25487 -9.97155 14.1701 7.49055 -2.60717 1.40375 -7.84531 0
0.83743 -0.904278 -11.6444 -12.1294 -0.145413 -5.62303 0.102534 0.624673 3.68378 5.06908 -2.10887 2.46463 -7.54518 1.11717 -7.34306 7.6809 4.14041 1.94459 11.9891 3.21541 1
0.320749 18.206 -3.12289 -1.49808 6.33848 1.50738 -0.439828 -7.99122 0.6983 3.55321 -2.23813 -0.7713 -7.38308 -2.26418 -13.14 6.76663 6.9854 7.32746 10.9582 2.16816 1
4.92835 14.4908 -12.6158 -17.9928 -2.63153 -5.32763 -5.06129 -0.902124 1.63185 -0.622201 -1.50202 -8.75808 -5.60647 1.32105 -5.58252 9.55871 10.1963 4.92366 3.87186 -8.38393 1
2.31245 3.71587 -3.48262 -5.83746 1.68439 -2.75578 -6.14553 3.83128 4.35956 10.677 -6.59523 6.17319 -11.7858 1.93399 -4.11162 5.4441 9.50855 9.27939 19.9092 2.21154 1
6.8176 13.0038 -8.74659 -11.0208 -6.58505 4.51853 -1.88673 -4.96999 1.78203 2.23282 -5.04118 -1.69786 -5.99185 -0.26168 -12.9231 7.01323 11.2956 11.6106 18.8962 -1.47044 1
1.09501 7.38336 -12.713 -11.6404 -0.892377 -9.07447 2.64587 -2.16094 -0.393175 11.1514 -6.21519 -1.32707 -5.23594 -1.70768 -8.34446 6.23862 8.80635 3.91108 3.71058 -0.864528 1
-9.30924 15.085 -4.22792 -4.92603 -8.01905 -5.23992 -0.545943 5.16296 1.48435 -15.1363 0.114773 4.4886 -5.82477 1.37403 -4.87458 10.601 8.15597 11.3549 11.826 -1.23482 1
-3.60254 14.0004 -7.35055 8.9059 6.7391 -14.244 -1.16175 -1.58063 5.22007 -2.47637 -3.30785 2.4583 -5.65505 -1.77909 -10.58 10.1361 5.1785 4.85926 3.85755 -5.90187 1
13.5014 0.384751 -2.70383 -25.3586 -17.5881 -6.81062 -3.12516 -1.236 1.97139 15.0794 -4.51921 2.70726 -4.72678 1.18464 -6.9143 11.1757 6.15838 7.78686 -0.441281 -5.326 1
6.2346 9.88296 -3.26735 -10.2889 -6.58261 -1.24634 -0.359859 4.71356 0.551183 1.19912 -5.30833 10.6772 -5.60334 0.987679 -8.79494 5.91767 7.7675 2.60665 3.26252 -7.95968 1
2.27116 17.023 3.95658 -10.4379 -16.0348 0.750164 -0.586074 -5.9966 5.01373 4.28058 -7.62642 -14.0309 -10.308 0.449964 -6.19171 9.65921 6.57872 5.86742 10.8906 4.28335 1
7.21324 4.37347 -1.72186 -9.05615 -5.03891 10.6829 -1.69173 3.0122 8.41134 6.3101 -5.5983 -2.581 -7.95747 1.50501 -10.6464 5.54084 0.770565 1.31224 19.629 -15.791 1
3.59246 13.578 -5.93753 -1.26478 -8.15579 -12.2665 -1.91351 -7.58382 1.08281 1.2586 -5.19528 0.58321 -8.19345 -2.57065 -9.90814 7.64497 10.5497 9.09678 4.21184 0.176876 1
15.3775 3.26565 -12.0629 20.2847 -4.9808 -2.95795 -1.6102 1.20044 1.64307 19.539 -5.53816 -0.481373 -8.00954 2.77252 -10.1516 11.2013 11.3694 9.9743 12.8428 -10.6242 1
-0.589861 7.53564 -5.73464 9.76246 -4.41539 1.04984 0.471927 7.37486 0.69684 4.16362 -6.62645 3.4338 -6.22356 1.47881 -11.9186 10.9237 7.48582 10.315 11.3029 -10.4547 1
-2.40177 5.77518 -2.50678 -6.81561 -0.43471 -2.07493 0.157463 -2.1068 1.41289 5.98039 -3.98426 3.71279 -6.4816 -0.851952 -7.28871 10.89 9.88329 8.89963 17.6462 -0.538002 1
-0.134059 7.19986 -4.86313 -7.21351 1.77925 -6.2056 1.73744 1.07554 -0.840228 0.677691 -8.01187 2.10326 -11.523 -0.777356 -10.2312 9.73266 9.69398 5.56012 15.4691 -5.27897 1
4.26295 12.5293 -1.43311 2.48544 2.06984 -8.81058 -2.9276 1.90873 4.20959 -11.6532 -3.18101 6.0092 -8.1291 3.37058 -16.1037 5.92603 8.63888 7.87037 -10.0726 -0.191854 1
18.4609 13.5731 -8.84161 -0.283447 -11.1755 -6.78704 0.530253 5.77088 5.76734 25.7279 -7.87462 6.56693 -3.25924 -0.866444 -7.83221 8.06923 7.53586 2.57469 20.2543 -10.4481 1
5.62325 16.2339 -6.50009 -6.36857 -16.4752 1.31938 4.0754 1.92751 2.69457 10.4309 -4.63591 4.21684 -7.0718 0.642565 -11.4098 6.07989 2.52171 7.28281 16.6548 -7.77295 1
13.5425 9.77889 -5.90928 -10.1997 -2.36711 -2.82638 -2.46011 0.4284 1.9579 24.0686 -5.4143 7.27418 -6.1969 -2.33471 -6.32197 11.1972 8.81202 5.17014 5.12041 -14.9056 1
9.74676 17.7245 -12.3716 8.26746 0.987773 0.385368 0.509174 -1.48268 5.63325 19.7125 -1.70978 9.34497 -7.57547 0.799162 -13.3971 7.77901 9.19777 1.37011 -3.37647 3.20246 1
4.36773 5.12666 -6.77656 5.2475 -5.30515 -9.57674 0.0635846 -7.67769 -0.759939 -2.19722 -6.05654 8.48779 -9.37372 -2.84841 -11.2503 9.63315 7.02542 14.8265 11.8602 1.82284 1
-5.63261 8.0019 -11.6749 -1.92283 -9.44443 -0.634618 0.871972 1.86955 3.28104 3.71863 -2.7631 8.23607 -8.66164 -3.21588 -5.56292 5.40188 6.46493 8.43341 14.5492 -4.92585 1
7.6371 6.80118 -9.32453 -3.77606 -4.21952 3.19262 1.21056 5.51216 5.61111 -5.69256 -9.78634 2.66041 -7.94374 -0.375606 -7.79592 11.5052 7.19603 6.62215 6.92886 -1.61674 1
6.38667 10.1148 2.49859 -2.01306 -11.0235 -1.97839 1.07266 1.26129 -2.52108 1.94982 -7.9007 8.72078 -6.78309 -1.31538 -10.8854 9.03582 7.487 8.23586 -0.448565 -5.0353 1
9.86714 25.1523 -3.022 2.25056 -4.39603 3.38478 -6.30414 -2.45875 -0.527022 5.92641 -3.99174 4.4781 -11.6855 -2.0372 -14.0908 9.31893 6.41626 9.38746 17.6806 4.65784 1
6.28424 15.7166 -2.7706 -4.84329 1.96846 -1.59498 -0.864398 -3.80097 -1.67187 20.4838 -5.61264 -0.627246 -8.53528 -0.987682 -5.67438 7.08312 8.41282 8.25488 5.55954 -2.53595 1
11.0321 12.4583 3.18555 -0.77068 -8.97128 -3.14912 -3.41425 -5.09802 3.79153 17.2525 -5.12072 1.99127 -6.53305 -1.07129 -15.267 9.29709 14.1712 6.35008 8.53974 -10.481 1
-1.59263 17.105 -6.87698 -15.0302 -2.98213 -13.7272 -2.29366 -2.12039 4.36481 -7.23265 -4.21788 -1.34742 -9.62338 0.903884 -2.56437 9.75404 12.62 5.68095 8.45489 -3.90992 1
7.91442 -5.88532 -0.84325 -5.10766 -9.48052 3.42379 -0.0267516 -9.60805 2.6162 6.49422 -6.96 11.1422 -8.66273 -0.243715 -4.2107 7.42909 7.21319 5.64819 2.58808 1.31399 1
4.60686 2.50895 -11.9823 -15.7014 -5.64525 -7.91376 5.29891 -2.34364 6.86449 7.24237 -7.54645 -6.03453 -5.32833 1.08662 -4.9521 6.8991 3.85941 9.04969 12.0014 -6.604 1
7.4309 -2.07277 -3.85692 2.10472 -3.66628 -0.895137 2.0271 1.52599 2.29486 9.90715 -8.08677 -1.12739 -4.78542 -1.21603 -7.894 5.80467 1.45373 6.52367 7.58754 1.87619 1
2.27575 3.20533 -6.91599 -11.7088 -1.04669 0.242656 -1.38023 -2.47331 1.49909 9.7654 -6.07731 -0.68658 -7.59523 3.64038 -10.5074 5.41413 11.9111 1.76599 9.07529 -6.27112 1
15.0423 10.9734 -4.80036 -2.05895 3.62987 -1.22497 -1.67506 -1.27461 2.2904 14.0151 -5.391 6.62909 -6.37202 4.10156 -12.4695 9.73131 4.0234 9.48373 1.03581 -5.12811 1
3.14781 7.08701 -0.213591 -15.494 -12.6646 -2.08281 4.15827 3.49423 3.29057 -5.72206 -7.40792 -3.48741 -5.60899 -0.69708 -1.69166 6.30559 8.21969 7.61577 4.33802 -5.73622 1
10.5288 6.02926 1.52196 1.90347 -8.9181 -14.7502 -2.99363 2.50403 -0.365505 0.897121 -6.92319 4.71971 -7.33425 -0.313215 -10.9768 9.09114 11.0806 3.64104 16.841 -2.39284 1
0.759513 5.35142 -2.27901 3.03473 -5.86754 3.78596 -0.953602 -2.59818 -1.15078 14.5915 -6.79896 6.18308 -9.60742 -0.143937 -13.1446 6.42918 9.69697 9.91963 10.7374 -4.0013 1
9.55207 14.9859 0.879942 2.13281 -13.3672 -3.66482 -4.56565 -4.84914 -1.49729 7.1919 -4.21796 4.51388 -3.86855 -4.94773 -8.26532 8.78826 10.2421 8.84303 13.0637 0.39316 1
1.67153 4.0212 -5.10824 4.06181 -7.9681 -5.87497 -1.12039 -9.21376 0.792348 8.0989 -5.3612 4.33635 -9.36881 0.741952 -9.01042 9.96779 10.3166 4.32336 4.97212 -1.7968 1
-0.355901 9.09478 -2.82648 0.240425 1.55435 -14.1553 -3.87861 -4.86277 1.28952 2.54359 -3.3313 -3.6573 -11.0302 -0.993878 -14.4265 5.60761 5.69639 3.66834 5.68549 -5.04183 1
-0.195332 7.24052 -6.66768 6.0446 -2.51011 -4.63796 -3.27593 2.17204 0.493681 11.1662 -8.73346 2.31475 -4.85015 -1.93949 -2.63332 4.30943 9.42738 6.02797 8.16619 -8.38081 1
-0.89891 3.68242 -3.9547 -2.00791 -11.926 2.46052 -4.32688 3.08577 -1.24936 -0.0633012 -4.03307 6.23548 -8.53845 2.05937 -9.48638 9.38193 7.00465 13.152 0.514153 -10.318 1
-6.60861 4.03344 -6.9726 3.24249 -20.2256 1.15068 -1.98931 -1.10735 5.85537 1.12088 -1.97127 2.03544 -6.84684 0.038637 -12.5156 10.6943 5.89953 2.87587 5.75432 -5.34999 1
1.50034 7.94396 -6.24555 -3.94781 -7.5413 -1.09039 -1.13275 2.03706 1.69733 17.6803 -4.35417 7.05835 -5.17602 -0.0557042 -16.5939 7.11643 7.19933 7.17481 1.7613 -0.217338 1
11.8552 9.37165 -3.19358 -9.2677 2.35493 3.9157 1.58091 -3.76974 -0.516984 12.6007 -7.4624 -0.448726 -7.52906 1.57962 -7.9678 5.97493 11.8335 8.91008 9.29191 -7.23712 1
8.87074 17.5806 -1.11778 0.770776 -6.04164 0.46728 -0.341086 0.917459 4.91141 4.6125 -1.69382 3.83679 -5.27645 2.94332 -10.1923 5.17291 9.76533 4.82232 0.0828183 -13.9613 1
-3.97467 10.521 -8.80513 2.45056 0.969052 -6.76226 -0.118793 -9.68382 3.73091 13.0305 -1.04517 9.80516 -9.31996 1.53866 -13.2861 7.24263 4.42324 5.86209 15.7013 -0.169948 1
12.6475 14.1148 -10.1885 2.23607 -2.17231 -2.33568 -5.26626 0.122671 4.54232 -3.98507 -7.80451 -9.67948 -9.01461 1.25755 -5.73993 9.22058 6.98194 7.18298 9.31458 -4.14982 1
11.2159 16.7477 -3.97223 -4.32141 -10.1919 -10.3724 -2.72239 -4.00356 -3.16016 1.10654 -3.04808 -2.98688 -3.53999 4.92519 -10.4978 11.2348 5.89663 12.609 10.2162 -21.7278 1
-2.42325 11.0105 -5.17781 -2.48843 -13.0522 -0.283535 -3.3677 2.41638 3.74978 -5.28473 -8.20016 1.1521 -10.0068 -1.46845 -5.66818 5.47242 14.6838 11.6297 5.41583 -0.912843 1
13.1072 3.98444 -3.83593 -8.99825 -6.15139 0.978178 -2.09064 -2.30567 2.22161 10.6912 -4.92547 2.85364 -11.6757 1.12727 -9.68059 6.64619 4.10406 11.4212 9.18715 5.48488 1
13.2152 12.6645 -10.1389 -13.3917 -4.21539 0.524571 1.70253 -9.25182 2.42614 19.241 -4.86701 3.79329 -5.20255 -0.413792 -6.56452 11.1037 7.39707 8.94754 8.07871 -10.5242 1
16.1556 2.3219 -11.8863 -1.70614 -3.57942 -6.03989 -2.76922 -0.387106 2.50172 0.349762 -3.63302 -15.2059 -8.37073 1.48473 -9.64717 8.58275 7.17721 7.43912 22.547 -7.28985 1
14.6082 7.11734 -10.1997 -12.9788 -2.74689 -0.262361 -1.52435 3.13318 0.659108 12.7058 -6.46169 9.46588 -0.546681 -4.38841 -12.4097 7.02362 7.70082 6.05412 10.4394 -3.12642 1
-0.320916 12.4291 -2.89175 -0.576651 -15.6524 5.36933 -2.17011 -0.930248 0.471418 12.8958 -3.52757 -12.9943 -9.7855 -1.36177 -2.98168 7.95754 5.73247 5.44485 14.509 -9.1072 1
-3.81377 16.7659 -12.0697 -21.8725 -4.05814 -0.771336 -1.0111 -3.73785 6.04837 12.062 -7.83931 7.7622 -4.86381 1.57753 -2.28187 9.1798 4.99102 8.51687 7.30344 -19.209 1
-3.02619 8.29349 -7.86972 -9.7242 -4.34402 -6.00749 -3.87959 -0.0374073 5.09373 3.72239 -8.25876 -4.03018 -5.74948 1.97192 -3.9669 6.60723 5.77585 7.00079 7.07203 -0.36912 1
5.24108 11.7412 -15.1849 -11.8469 -2.40058 6.74928 -0.520719 -3.06153 -1.13081 15.2517 -4.73681 -3.8581 -4.79637 0.580021 -5.75033 8.15809 10.8571 6.76372 9.03305 -21.0697 1
2.02711 18.5405 -6.68545 -4.93064 0.0687906 -5.19104 -2.75036 -3.13922 -0.194781 5.02155 -2.4082 -0.533869 -3.92803 4.69313 -6.57028 7.4815 11.4973 10.6837 19.3161 -15.3175 1
10.1368 13.0755 -3.66697 1.32653 -5.65909 5.53258 0.668638 -0.614095 2.12346 13.3701 -5.33655 8.99405 -6.85048 3.4321 -16.7479 10.1687 7.55947 8.2887 19.0157 4.80849 1
4.72229 11.6314 -9.03763 15.2198 -4.92911 -14.1089 -6.31335 -2.88084 2.30869 4.62489 -5.48163 -3.04993 -12.2594 -0.625712 -2.22535 10.7514 10.1318 4.81336 3.41816 -5.26256 1
0.84807 -1.23742 -11.3085 6.68057 -1.61558 -9.60537 -0.453048 -1.33522 2.94312 -3.57988 -7.00402 3.96245 -9.51167 -2.37322 -11.2279 10.7858 11.5968 3.46295 7.79751 -9.45695 1
-1.48455 6.44299 -9.90968 9.90691 -12.6128 -6.46127 -2.32539 1.3017 4.52569 4.96584 -5.51704 5.25309 -10.4625 -3.19541 -9.77902 4.83021 14.7976 10.0112 7.9891 3.9383 1
14.2791 7.94349 -5.74371 0.548373 -12.1609 -5.15254 -1.82734 -1.11271 3.42705 5.00023 -9.56191 -4.78571 -11.012 -3.69058 -10.0469 7.5289 9.77765 10.6261 7.68673 -1.98378 1
-2.96206 12.0137 -4.97485 -6.47958 -7.00443 -10.4882 1.03188 -2.66175 1.08153 0.627071 -6.23724 3.55694 -5.8439 -0.815925 -10.0819 8.63766 8.86527 4.26337 10.836 -2.5624 1
10.9016 17.5259 -3.64196 -2.14747 -4.02553 -10.8471 2.21332 1.36425 3.97185 -4.45136 -5.11083 3.60955 -6.6807 0.191566 -6.72958 6.52307 8.97293 3.81827 23.7323 9.96304 1
9.80014 5.28788 -10.8182 4.10727 -5.4928 -0.883345 2.45072 -6.53964 0.484561 10.2388 -6.23666 12.6005 -8.83285 -2.30242 -14.7162 5.2798 9.74903 11.3139 11.9316 3.93545 1
10.8048 9.13424 -6.21908 7.69401 -9.77574 -9.58106 3.84223 -6.46504 0.689892 23.5359 -4.60417 -4.19043 -4.27751 -4.94745 -7.08619 10.5367 9.57179 10.1102 10.3358 -4.15617 1
-1.56318 5.25131 -7.85397 -3.29297 -2.41207 1.64633 -1.59759 0.299686 4.23549 13.9319 -10.3746 -3.09391 -7.36467 4.0411 -8.77265 5.26779 2.98061 5.76759 5.99755 -3.51496 1
7.00487 9.19754 -2.30559 3.37319 -11.9024 -3.65821 1.35238 -3.37618 1.71451 12.1968 -7.78038 5.19506 -7.78989 -3.27038 -6.52808 7.60518 7.14523 8.60285 8.15818 -4.97825 1
8.37221 25.7619 -7.0286 0.310395 -21.8653 -17.4983 -2.39392 1.71619 3.20364 7.83727 -6.2405 -1.43301 -8.48563 2.78581 -13.8123 6.82787 4.72192 9.09928 18.3165 -14.8539 1
-1.75414 15.4605 -5.70586 -5.75775 -5.75561 0.227757 1.10748 2.55843 3.54605 2.17536 -4.567 6.43171 -4.27613 0.0464027 -8.14645 10.51 6.64621 5.19239 10.819 -13.244 1
18.0684 15.2318 -9.40212 2.73896 0.78183 -4.39697 4.49723 -0.785974 3.32856 -1.83215 -5.56566 4.39029 -6.60337 -2.06149 -11.9249 7.85323 9.95236 -0.937024 11.1936 19.0899 1
17.2891 17.0144 -9.7497 0.945594 1.1028 -8.44395 -2.42853 -0.0307948 4.28825 -0.931957 -6.15706 8.23065 -4.59893 4.59031 -11.3176 2.86561 4.33625 5.9911 2.50496 -15.5826 1
11.0363 6.6133 -10.2511 1.31138 0.283577 5.26234 -0.166741 5.30053 0.323529 18.9134 -6.3092 -8.38403 -5.03707 2.44569 -10.7192 6.32893 6.34951 6.14369 -0.265399 2.0301 1
10.4546 4.1972 -7.65242 -13.3539 -16.9042 3.13259 -4.7157 0.199728 7.17883 4.88104 -6.71628 8.99482 -5.84107 -4.06331 -2.61048 12.3061 6.90567 4.29754 14.3648 -2.77649 1
-0.00785285 12.1484 -3.69325 8.72897 -9.21138 -4.78194 5.85844 -1.93739 0.478322 17.7199 -3.33804 2.32981 -4.67742 1.10144 -12.0919 11.158 4.94373 9.12111 11.8845 -4.14801 1
-0.739853 10.6038 -3.57593 15.7073 -9.9683 -7.45406 -2.22493 0.753218 -0.897489 4.01117 -2.27897 -14.265 -3.3678 0.353464 1.7071 2.04686 11.3424 9.968 3.50509 -9.28693 1
12.7443 7.31499 -7.90099 -7.33806 9.52532 3.20089 -2.44435 1.68481 6.26181 3.78055 -7.48992 -1.33129 -5.29968 -3.11697 -7.7245 10.1809 5.60492 8.75482 13.0016 -4.98926 1
3.8078 3.5797 -7.14167 -15.7754 -16.4177 -2.41698 -2.29594 -5.46984 2.88579 -2.09343 -7.25303 7.68695 -13.4247 0.0212667 -8.52847 6.19825 9.13063 6.60193 13.8632 12.8645 1
8.55697 10.4759 8.19313 0.171082 -18.5197 -10.0576 -3.64836 -4.93266 5.11632 18.0536 -6.78813 6.0394 -3.75627 -1.84382 -10.1442 4.74318 10.4296 7.41569 10.0164 -8.67627 1
7.91283 12.948 -5.48722 1.8918 -6.35977 3.85743 -2.3709 0.419762 -0.284171 16.1131 -5.78507 -3.83058 -5.85078 -2.06864 -10.9835 9.48834 8.21584 2.59092 6.09667 -6.86447 1
4.59723 7.3716 -5.51514 0.383257 -10.9779 -3.82129 0.610804 0.715923 0.333755 6.38192 -4.61994 -3.71412 -9.27508 -0.799149 -10.4975 9.47682 9.83637 7.04416 6.43507 -6.10083 1
4.62803 6.74226 -4.71814 -2.65288 -6.49932 0.827183 -3.36502 -2.63796 4.174 -2.43965 -7.29101 10.6183 -10.7116 0.851212 -3.04993 9.71238 10.8217 9.05865 5.67861 5.27718 1
3.05598 21.512 -5.9895 -15.5759 -15.75 -7.38998 -1.51401 -1.35483 1.31842 10.165 -3.43229 -6.44799 -11.5941 0.317804 -11.6069 4.97336 7.84476 2.0375 10.3908 2.73995 1
2.80711 6.27796 -0.376988 -9.15321 -9.99128 -7.83872 -4.24912 -0.909646 1.16371 2.91238 -4.15981 3.80853 -2.75678 0.469539 -3.80158 5.36819 9.09675 9.39456 9.2643 -8.87188 1
7.25796 4.30278 -3.04572 -13.7482 -2.60775 -9.60048 5.25922 2.19968 2.36585 3.90199 -2.82557 -8.83111 -6.89262 0.274705 -8.635 9.01286 5.72363 7.5835 15.8032 3.0375 1
1.86648 6.20563 -6.57675 -0.578458 -12.3421 1.97037 0.862281 -5.02063 2.63935 5.3566 -7.85065 -15.0459 -3.35783 5.24117 -14.8163 3.59222 7.02605 5.17646 5.58463 2.21461 1
2.30123 14.8452 -5.76369 -10.1981 -8.55728 -3.13589 -1.59038 -1.90905 1.21534 9.82595 -3.27973 -0.80636 -6.82256 0.350186 -9.53071 5.17443 6.96834 10.5337 14.936 -2.28087 1
14.4194 11.0389 -0.491866 -18.143 -5.06666 -6.46558 5.88279 3.06561 3.45381 17.5549 -4.95093 1.31136 -5.75114 -2.4279 -6.13325 6.16382 6.46574 8.10594 14.9247 1.0588 1
2.7574 1.27538 -3.76457 -1.20354 -13.3251 -4.93335 3.74211 -1.35754 4.58383 1.3179 -5.49051 -6.0234 -7.50742 -1.64512 -5.87451 8.65483 10.1162 8.10094 13.1874 -5.79857 1
13.3862 11.6597 2.9533 1.25117 -7.98867 0.122759 -4.60526 3.38182 -1.57328 3.48184 -4.12951 8.08337 -6.82963 -0.0114654 -6.16077 5.81984 5.7367 6.79767 12.095 -7.37257 1
-3.86361 10.1702 -4.47378 -10.2817 -8.73919 -12.303 -3.83761 -6.05685 3.62792 2.10824 -1.12891 -2.51728 -11.8982 1.27597 -10.8767 6.48349 8.35292 5.31128 8.24105 -7.78592 1
1.76433 14.9627 8.49092 -7.30508 4.91848 -5.73892 -4.719 10.4115 -16.2977 -3.14246 10.26 14.3848 7.4112 -3.50775 10.8448 0.403086 3.35817 14.743 -11.8822 -5.62045 2
10.3969 7.91963 7.93749 -0.362252 1.95413 -11.6239 2.1233 22.4378 -13.4601 -6.6627 -4.38714 15.4152 5.29965 -12.9661 5.4841 23.1478 4.11063 9.51686 -11.4223 -6.84422 2
11.2047 14.7737 14.3068 1.49299 2.7733 -5.54188 -2.78316 11.245 -3.92452 -3.98666 11.2093 12.0416 8.35126 -3.44944 12.2202 9.38035 2.75568 2.70203 -0.15666 -2.64558 2
-6.28784 -2.46248 8.11023 6.09105 4.56469 -0.118929 -0.172273 12.6639 -16.4404 -2.56265 -13.8945 4.32723 4.48668 -0.798362 4.23189 9.20546 -0.347797 4.23916 5.87664 -3.47894 2
7.196 11.7347 7.72151 0.190409 -3.04242 -11.0711 1.41349 6.47571 -14.02 -1.98116 1.73067 -1.20354 4.9259 -11.3772 8.37099 -1.10539 6.63601 10.2725 -2.48251 -9.66094 2
7.73901 -2.36342 16.6021 -5.23426 -1.83139 -7.07868 -2.78331 18.5466 -10.8418 2.73404 15.0782 14.859 7.25948 -14.3769 4.75093 11.084 1.44105 5.34441 -1.54322 -7.75868 2
3.80149 15.3687 13.1052 1.99797 -6.73212 -4.14068 -3.55551 8.61374 -9.078 0.652295 -8.52772 7.32137 8.69995 -14.6076 9.96252 7.48895 1.02613 4.3622 -16.7105 -2.91347 2
10.7673 8.86148 0.469877 7.01801 -0.851377 -17.9996 5.74589 1.20366 -10.1665 1.12418 -11.8925 13.6049 9.38659 -12.5755 11.4022 1.02573 5.48124 1.45074 -4.23324 -7.3478 2
7.78104 9.26026 14.0004 -0.0791701 1.41542 -1.38347 -0.163724 16.7577 -8.98776 -3.23019 -5.46468 1.91732 11.8262 -5.57718 15.684 10.8754 4.21505 12.7883 5.553 -3.57081 2
12.7959 15.3948 10.075 2.27362 0.247771 -7.65752 5.85409 19.5744 -5.91593 -2.63594 3.09963 5.42463 9.45425 -8.48457 -2.35928 10.9329 8.10887 10.3545 -1.17273 -3.3996 2
-2.03997 15.8596 -1.5852 -0.955717 0.0957157 -5.08455 -1.7986 7.20787 -13.7569 1.55036 15.7511 -3.63569 8.51777 -8.31518 8.69292 -13.0462 4.10049 11.7058 -7.69167 -1.65809 2
-9.25142 1.42955 24.0634 -3.32964 3.93863 -12.9045 -1.47757 6.144 -6.01535 -1.86984 8.3235 9.8479 5.99091 -16.1382 -1.17059 0.20334 4.9603 19.7479 11.2242 -3.51031 2
11.3993 16.3157 8.66111 1.52143 0.21624 2.31064 3.99191 7.07142 -9.13663 -2.39324 -8.81723 -5.18406 2.6916 -6.94495 6.77645 13.0512 8.5643 15.8751 -2.02097 -3.60547 2
7.92543 12.5766 6.09728 1.07679 -5.1436 -10.4822 0.821916 18.0872 -5.3056 -2.32331 14.4491 -4.83271 12.0877 -8.30281 6.44763 -6.45082 8.69397 12.5961 0.0438064 -1.59733 2
-2.48018 -10.7869 2.66645 8.77926 -7.13549 9.58142 -6.0176 16.2914 0.597893 -5.51872 -7.59819 5.11669 3.37506 -3.16244 14.1431 12.7236 -3.63902 -10.5308 9.18213 11.7194 3
0.98464 -6.22018 -10.1889 -0.0140185 -1.87603 18.813 -1.92641 17.631 -6.7464 -3.3366 -11.6636 19.1001 -15.8026 -14.2322 10.509 12.0954 -6.15827 0.77772 12.2236 1.34556 3
-4.31936 -8.93389 -0.52903 1.01979 -5.2533 4.22856 -15.5944 4.45375 2.16499 -21.9905 -14.8454 7.82258 -18.7549 0.651071 8.4442 -0.463499 -8.67257 20.2622 10.7904 6.00063 3
-1.06029 -9.58482 4.17055 -4.98588 -9.11673 0.519592 -1.09849 21.5264 -6.20879 -4.05657 -14.5853 -3.81816 -1.24903 3.42102 10.5541 8.33408 -4.13878 28.2129 11.8361 5.44732 3
-3.54618 -10.1698 -5.8378 1.92944 -2.77403 3.56397 -8.81816 2.68162 -1.01178 -11.7138 -6.90479 -6.78762 8.67869 -13.4081 24.7691 -0.668021 -10.4344 20.3963 8.0933 7.24379 3
-8.25282 -6.68909 -4.11231 1.20173 -2.17845 21.4063 -7.24716 14.2992 7.62245 2.35806 -8.46772 -3.3885 -0.54844 4.0221 8.68007 3.10071 -6.24709 -16.6809 9.26656 6.39489 3
-4.07526 -3.50713 -7.2021 -2.20357 -4.55067 13.0676 -12.7433 4.14691 -2.10757 6.87433 -11.6614 6.75764 -0.986188 -5.46735 4.352 13.231 -6.38981 23.8425 16.1821 3.1125 3
-7.98834 -7.96831 -6.62912 -6.28855 -3.23348 17.2533 -32.2395 18.5564 -2.85323 9.86764 -9.92067 1.68979 -2.0525 4.89469 12.0231 -0.75652 -6.95641 10.9589 11.1071 3.88988 3
-4.7045 -3.54221 -6.82253 2.81597 2.10608 14.1156 -3.74527 22.649 -4.21633 1.82225 -3.15261 11.3123 -8.65451 -7.37277 13.3327 12.7087 -4.48222 -3.59048 9.94344 7.73915 3
-4.34675 -4.7863 2.89986 3.94189 0.594411 3.91215 -6.28628 16.4952 8.43949 -5.89008 -3.14782 7.10856 -2.35101 -6.58599 4.01046 9.14528 -10.2597 10.6461 10.3674 5.64651 3
-3.75974 -2.21351 -8.37287 -0.791313 -8.21458 -5.9813 -3.64432 12.0357 -6.44252 -3.49344 -6.04696 24.2698 -8.10467 -7.5241 14.1369 29.2758 -4.91845 27.3083 13.0515 10.2903 3
-2.06989 -8.25937 -4.03376 6.37009 -1.68391 25.612 -7.92113 8.20481 -2.90241 -5.14921 -16.3504 8.16213 -5.18414 1.00852 6.95495 -5.44975 -9.92804 0.230137 13.2131 -0.951731 3
-6.10811 -6.73455 2.87273 9.21323 -5.11983 7.69558 -25.4247 5.10867 -11.105 6.44008 -12.3515 10.7912 0.756285 -0.764959 6.90736 5.23725 -5.39334 4.48066 10.5983 1.62178 3
-4.15334 -5.95559 -1.02784 6.01659 -8.13644 15.0436 -14.0791 1.44695 -4.65988 -13.407 -5.57304 6.48122 -0.987985 -5.52263 17.1743 21.2506 -3.7463 1.97537 8.08526 5.1199 3
-9.13852 -4.37519 -10.2988 -7.07634 -5.23078 6.81921 -9.75869 -4.92661 4.67138 2.13457 -10.0982 -1.82451 -0.0707666 -4.4894 7.7741 24.2133 -6.46449 -1.11023 6.91261 6.36548 3
-5.5393 -11.7143 -8.08224 7.69001 -6.87519 6.9113 -5.41839 3.01334 -7.93136 -3.89996 -5.85425 12.4028 -4.97966 -6.26813 4.78955 10.0595 -6.22535 2.06539 7.05835 3.31636 3
-2.25008 -11.8858 -1.11568 2.84589 -13.3163 10.7274 -5.20838 7.08278 4.28666 -3.74792 -7.45489 9.16803 -2.24311 9.09075 8.34777 -6.28733 -6.37642 -4.04376 14.3808 6.39226 3
-1.98696 -9.32485 -3.46012 -4.67404 -2.06417 16.6062 -24.6082 12.316 8.86343 -2.37314 -14.3941 10.3044 0.474359 -5.13118 8.41423 7.07254 -12.2407 8.62649 10.9912 8.258 3
0.494117 -11.3366 -2.59879 -1.42639 -3.41785 2.1713 -17.4728 10.2957 8.39208 -7.129 -12.1726 7.19431 -6.32778 -9.34272 10.4933 13.8543 -7.6645 -4.50792 8.43541 -3.20071 3
-3.31288 -6.93989 -15.4726 -6.8309 1.72088 9.80676 -20.2201 10.7427 -12.3695 5.41828 -7.68469 -3.96059 -20.0202 4.70196 7.57033 -11.3275 -6.71615 7.11713 7.44693 10.8062 3
-3.22953 -9.56191 3.26874 11.8098 -8.54414 22.3092 1.95662 3.2594 1.28921 -3.05732 -13.0521 18.9739 0.290928 8.04008 9.09436 -11.6676 -9.5816 3.76262 9.74605 7.12703 3
-2.69282 -3.85762 -2.95279 -0.231975 -9.6311 8.1179 -7.83148 17.3318 -4.76164 -4.14582 -10.2994 3.59112 1.00695 1.80589 -1.31869 -3.57133 -2.29577 1.3757 13.9361 7.40475 3
-7.77023 -1.89255 -11.6094 2.16616 -1.17272 1.47766 2.30849 10.6359 -4.57797 5.66842 -8.56414 4.71721 -2.87973 4.81897 10.5441 -1.15247 -8.61774 2.02163 6.72107 0.145431 3
-2.62508 -8.85653 1.87874 -2.56929 -3.41784 6.10264 -18.359 -0.960826 -6.12101 -14.2278 -4.29989 6.05433 -2.74688 -11.4199 18.0585 -3.64785 -6.66989 20.146 11.107 1.80363 3
-1.65427 -1.96232 -6.35613 8.57645 -1.17471 17.8135 -21.2876 -6.36522 9.39445 13.104 -4.8056 2.10183 -0.40916 0.285625 16.7806 0.90484 -4.03204 4.35502 10.2084 3.868 3
5.31837 -8.68317 -4.33541 9.18934 -11.552 13.307 -1.22456 5.82851 -1.08445 -0.429057 -7.18294 22.8523 -12.3506 -3.57262 9.60954 0.0263651 -6.43986 14.8555 10.1669 -0.0575518 3
-4.27611 -5.57704 1.22806 2.14105 -5.92016 7.17401 1.2621 9.00433 3.85673 -3.35097 -4.88309 2.09899 -18.6546 -10.6875 6.92758 12.1039 -7.92234 -2.63494 6.78305 11.0324 3
-6.92239 -10.1469 4.33401 12.8229 -3.46818 9.57746 -2.67417 23.4925 -2.96593 -4.1207 -3.32478 -6.73612 -13.8294 1.02831 7.17687 4.79547 -8.1411 14.8858 6.40278 9.44229 3
-4.56953 -8.00235 -5.2573 5.1444 3.38116 9.84076 -5.47848 9.72669 -5.67568 -7.62492 -4.74415 -3.51151 -5.52263 -8.98626 10.3912 4.18403 -8.26121 -6.53963 10.4648 6.30204 3
-1.47505 -13.4695 -1.03052 -1.37651 -6.69542 12.2043 6.70914 1.48625 -14.0482 4.92275 -9.66901 -0.0768298 -0.343384 2.17787 7.69413 9.18973 -6.94723 8.25231 9.70267 3.24972 3
-5.52467 -11.0791 -3.78726 -1.72695 -2.981 7.61123 -15.2609 21.6887 4.31939 -1.18911 -10.0977 5.76733 2.96419 4.44549 16.0892 -6.05814 -4.59693 8.17682 10.5533 2.99075 3
-3.49871 -6.33002 -13.807 -8.76164 -9.0625 10.2848 -3.44416 2.51383 -6.72009 -4.03266 -11.3805 14.4131 -5.29114 7.96752 8.21441 5.15975 -7.43787 7.34684 10.3883 2.60272 3
-5.77503 -6.8143 -6.02929 -2.55723 -6.22115 4.50757 -15.5061 13.003 -5.53215 3.86535 -11.8292 -3.65687 3.30743 1.25952 12.7379 13.1407 -7.44803 -1.27317 6.79222 5.68557 3
-0.849043 -8.4299 -12.7847 -8.37144 -2.3313 0.315996 -9.12153 17.0199 1.14796 -3.9753 -7.43826 13.3206 -1.64186 -5.69314 5.63259 3.64201 -8.78695 15.8386 8.34114 2.25195 3
-0.988936 -6.75591 4.37936 0.152902 -4.28822 13.0141 -16.8952 5.89638 -6.7168 -6.25463 -12.5279 1.40541 -21.4142 -12.0372 5.66902 -1.37626 -6.63447 10.1054 9.12427 5.19661 3
-12.0677 -8.64407 -1.77167 9.10924 1.30436 8.42407 -9.05902 12.9164 -4.7438 -5.20481 -4.84302 -16.003 -5.27448 -0.831102 8.07864 -2.76817 -6.32694 20.2484 7.42596 7.40335 3
-1.27477 1.27659 -11.9423 -2.14315 -5.65225 6.37686 -8.45358 11.1938 1.33067 -14.2467 -12.9653 24.3569 1.67742 -7.74991 14.3895 -4.33552 -3.28918 11.1071 12.3487 0.0133651 3
1.33015 -8.05036 -8.83653 0.179058 -8.46712 12.5921 -5.49156 8.31072 0.747449 3.2185 -10.8522 11.1107 2.02538 -1.39219 11.0252 -0.45908 -5.40181 -9.04507 10.4331 7.76903 3
2.26322 3.08147 3.13692 -9.7886 -5.65714 -11.2041 6.0709 -4.84785 -5.30224 1.12813 3.81596 4.34638 1.17105 -14.4494 -2.93865 10.2447 -0.334268 8.44657 12.8723 -9.27194 4
5.76432 -2.76807 -0.446978 -17.529 -8.49045 -4.88147 -2.08151 -13.4261 -3.57372 -3.76867 11.6366 7.95633 -13.9624 -8.31046 1.57703 9.91448 9.61714 6.25565 -0.610958 -5.55548 4
2.80138 -6.96591 2.04128 0.53325 -13.3987 -15.6609 10.3386 -1.4741 -0.0759258 -5.00799 13.2415 9.28119 -10.6765 12.8283 0.292212 5.3022 -14.4195 1.38075 8.42892 -4.63664 4
9.62221 1.01474 -1.2355 3.09353 -5.86985 -7.20097 -0.956255 -14.3469 -2.63628 0.973173 11.5634 7.28466 1.00301 -10.0944 1.92125 13.26 -12.2996 9.547 1.81546 -5.81237 4
4.81552 -1.06915 12.7977 -15.8817 -10.4254 -10.6648 0.167266 -24.4696 8.21359 -0.263682 9.70497 5.92261 -7.84521 17.7551 1.64235 7.19479 -7.75795 6.12778 5.97577 -4.85783 4
-2.34113 -13.6686 2.32149 1.54947 -3.68935 -9.39357 13.1912 -14.0564 -4.10854 -0.821047 6.54513 7.60819 15.8708 1.66341 0.348726 0.775616 -7.93881 10.8647 6.44061 -13.304 4
22.5412 -20.3513 2.38467 -9.09873 -4.4565 -8.38631 3.11635 -11.9834 3.47396 -5.75033 9.12803 8.42952 10.9527 6.58041 1.75679 6.77022 -4.08831 7.15011 0.827303 -11.2631 4
13.0458 3.10201 9.09276 1.43774 -1.52492 -9.65909 -2.50943 -14.2076 -11.3844 -0.902156 13.3306 7.8521 -16.9757 -8.46735 3.59013 6.08214 7.46105 11.3365 7.32405 -5.07156 4
3.14401 0.243074 2.1606 -12.8956 -8.34145 -7.53373 0.27543 -10.267 -0.449974 -4.76386 13.8225 3.53369 -10.4348 1.30113 0.638629 6.99747 4.19332 10.3702 -2.30091 -7.46782 4
7.00127 -13.2796 2.74282 0.44371 -1.10902 -17.6741 8.28444 -1.94985 -9.30835 -1.12078 13.7322 8.85029 5.36717 -5.70673 1.12291 4.44386 -17.5215 0.663929 13.2432 -4.78974 4
9.21857 -11.199 0.367524 -4.93495 -7.87108 -9.71926 18.6767 4.99059 -9.45097 -3.69339 12.586 8.96241 -15.2944 6.58589 4.40677 14.0817 -6.22199 8.14938 7.34949 -3.75949 4
9.86113 6.65974 3.88821 1.54706 -2.94839 -7.05499 0.987006 -1.67176 -15.915 -3.96518 5.84353 8.17566 8.36382 3.48931 -1.14661 1.21478 7.95916 -0.110373 3.52536 -3.36529 4
10.1765 2.78935 -0.784013 -13.2901 -8.02556 -10.3277 7.60512 -6.38045 -4.14773 -8.25669 11.8531 4.16135 -15.072 -1.72691 -1.59987 15.1684 13.9218 10.1704 3.29822 -8.14088 4
3.6701 -8.01638 -2.12903 -20.0915 -1.77458 -9.343 5.69804 -6.16968 -8.80076 -4.27819 7.758 5.68839 -5.94591 -0.981216 -0.694299 14.1925 -20.9559 3.93856 -0.110613 -12.5676 4
14.0751 5.74667 7.00871 -1.13756 -2.46854 -7.89735 0.432398 -10.9945 -14.307 -3.76979 9.11006 10.3027 8.17537 3.69663 0.152368 6.37837 9.92279 5.8204 -8.21392 -5.18572 4
1.87838 0.0219352 -0.471777 -16.0423 -11.3363 -12.2866 1.65243 1.87027 1.55338 -8.2169 8.65675 9.38729 -5.3003 -6.09353 -2.82436 8.96919 -7.25659 14.3496 7.62133 -10.016 4
2.78578 7.65942 7.85344 -2.89463 -6.04298 -10.6429 1.92657 -10.8706 -13.2747 -0.820921 8.58903 8.82369 7.92015 3.4809 6.17874 5.47945 -4.73252 3.52298 4.44385 -11.0351 4
5.07651 7.10154 2.52866 -9.27497 -5.31389 -8.84215 0.487688 -7.06431 2.05013 -2.31383 13.9553 6.73586 -8.51664 10.4505 0.514879 2.68696 -6.69225 3.68755 0.634663 -8.10575 4
14.1238 -2.68992 5.63183 -17.8336 -1.26422 -7.98944 13.5816 -8.13265 1.96254 -7.43542 7.6788 6.86058 -10.3875 0.631792 1.78704 3.49607 -4.63741 0.708262 8.66167 -3.75986 4
6.9992 -15.997 5.40395 -19.6409 -5.81916 -12.1779 -7.52026 -15.9025 -5.60489 -5.52151 9.58512 3.36336 -8.59946 -3.92584 -1.07427 7.87428 -24.0157 13.4428 6.3281 -6.38049 4
6.80959 -4.58341 10.3694 -9.99854 -2.42138 -9.09423 21.1367 -14.5092 -11.3936 -2.12375 8.92627 10.3863 8.26983 1.16006 -1.66343 3.37196 9.4709 9.6393 8.04943 -9.50939 4
7.69598 -20.2684 0.343996 -1.84515 -2.0821 -9.89344 2.1818 -3.15985 -1.9879 -5.31184 6.71383 4.49515 -3.68358 18.12 -0.649596 10.7022 -22.6068 10.0206 3.00382 -8.67195 4
7.58508 0.768032 9.64049 -16.258 -11.6748 -13.1593 7.79853 -3.38594 -21.7149 -4.28273 9.78808 5.92138 4.46536 -3.84822 5.72814 13.2718 -5.43044 8.6081 -0.701828 -4.73858 4
2.73963 1.44668 5.35941 -23.2171 -4.04363 -10.9956 3.00504 -9.73217 -3.0699 -9.25008 9.2329 8.99452 -13.9831 6.26716 2.08297 4.93121 1.91637 10.5607 4.91347 -5.05412 4
7.53083 -1.96537 0.302731 -6.75922 -7.47808 -11.6594 12.0689 -16.6042 -2.79214 -6.39169 10.7402 7.24275 -12.184 4.08933 4.96654 6.0901 -1.62687 9.26195 9.73931 -4.39649 4
4.20603 -3.03822 2.56401 1.35014 -8.51486 -9.27571 2.45011 -14.1891 -3.45101 -4.0928 10.0159 7.68234 -0.697256 -11.7283 3.25151 10.0269 5.85226 2.84574 -5.15493 -10.3127 4
20.2391 -9.31268 3.40273 -17.2017 -6.52009 -10.0282 9.36981 -4.99784 -1.65768 -5.29721 7.00867 9.07918 -6.59886 -8.29723 -2.72343 8.48697 -9.79935 5.33436 0.254905 -6.48984 4
24.2797 -6.96296 0.0218429 -5.80909 -5.27109 -11.2041 9.33182 3.08231 6.83491 -2.64372 11.0006 8.53692 -3.5789 -12.6003 3.78777 8.98789 3.86719 -1.33013 1.52591 -9.64924 4
-7.77224 -5.97194 3.23504 -10.9211 -9.45509 -6.39741 1.88467 -5.22707 -6.18732 -0.846359 10.7279 3.81839 -8.84512 12.6307 3.56695 1.74754 -5.0504 7.72837 1.97972 -3.88963 4
-7.01337 -3.29659 2.41647 1.82358 -10.942 -12.592 14.5211 -7.79518 2.4761 -5.91592 11.7892 6.4612 -13.0476 -19.7043 0.156041 9.49491 8.04568 8.15698 2.45481 -5.39915 4
-5.74111 0.972911 -3.14616 -6.08872 -4.36385 -8.11302 9.4045 -12.4101 -2.92579 -0.926699 11.6582 7.16049 10.963 -2.35769 2.37692 6.49797 -1.24505 6.70192 -1.4867 -9.94438 4
7.71512 5.46821 -1.59623 -14.5794 -16.3259 -9.49367 3.6047 -11.2693 -9.6166 -11.1311 11.734 5.45092 -6.76276 -13.9521 -2.85065 8.83424 1.58982 7.59224 3.4963 -7.82165 4
-8.71645 -10.1834 7.83967 -12.909 -4.7289 -10.5096 12.7424 2.12801 -0.437796 -6.08665 6.25777 14.9898 -5.61974 20.6211 2.40241 10.3582 -5.09384 0.684369 -5.17758 -4.93266 4
9.3102 -0.914526 1.34395 -23.8818 -0.99515 -13.2264 9.01647 -14.4546 12.1442 -7.36979 11.9332 3.18128 -16.167 -17.2512 -4.00141 14.9909 11.2091 7.19779 2.91853 -9.4873 4
9.2816 2.48373 -1.98027 -3.16599 -9.72597 -11.5842 8.10064 -13.1944 2.54948 -6.25841 9.58015 5.73626 -9.99367 4.83863 1.25705 8.75362 0.798573 4.41009 2.92182 -5.53162 4
9.70917 0.279634 2.69136 -16.7273 -10.6739 -11.1131 8.49199 -5.88045 1.61093 -3.29106 8.8438 3.92655 5.3498 7.32264 0.498504 14.3786 -12.2012 6.00414 4.09999 -10.4644 4
20.2284 11.7656 11.9418 -10.887 -5.81951 -11.4072 2.95053 -13.3005 4.72093 -7.16804 9.61138 7.61266 -7.05713 -7.92648 2.33087 7.2789 7.1201 -1.05842 5.81721 -9.34321 4
3.16426 0.892138 5.87988 -10.8478 -7.62693 -10.4365 7.04949 -2.00139 -1.43338 -3.11822 9.54202 7.24403 -14.2203 23.0429 2.88357 14.2251 8.54883 4.47762 2.47561 -8.03596 4
7.10855 -8.03737 1.37849 -8.93364 -13.4917 -10.0085 13.0512 -3.41395 -5.09758 -4.19796 6.12294 9.52389 -6.786 -7.52679 -1.59837 1.51153 -7.11904 6.33026 -2.11769 -4.69722 4
25.5587 -13.269 1.9824 5.17059 -5.43734 -9.69781 19.0256 -0.460903 -6.42898 -7.99358 4.57907 8.89174 -3.38509 -6.75249 3.78318 14.7408 -1.35762 5.60912 -2.39988 -4.74656 4
0.717986 -10.5773 2.30897 -0.907828 -8.54433 -10.4474 15.3562 -7.41554 -7.08012 -6.73979 8.74009 11.5264 2.38496 3.38938 0.270391 5.58345 -16.6815 7.48957 -0.689115 -7.9727 4
4.42067 -1.30325 0.479712 -15.8364 -6.46155 -8.23619 4.30511 -15.8702 -12.9301 -4.6681 14.0578 10.4781 -7.00924 -6.66916 -3.53591 8.48974 -0.314514 1.16356 4.77306 -7.96056 4
3.95805 -13.664 0.687732 0.363826 -7.92623 -10.2245 12.942 -10.1661 -8.20986 -4.61734 7.07542 5.32778 -8.93013 -7.07934 4.59566 6.2856 9.30747 6.03194 -4.35045 -4.59937 4
11.5238 -4.03492 6.71946 -0.546461 -3.8763 -11.0847 8.1348 -12.1112 5.40599 -2.04993 9.52095 6.81827 8.81552 11.0556 3.84565 10.4214 -1.48278 1.85185 -0.369211 -7.83806 4
2.85208 -4.73956 3.07778 -20.7938 -7.41665 -8.66936 2.4079 -15.7436 -12.708 -7.65394 11.9963 9.25506 -1.0552 14.0825 1.88448 10.2293 9.9846 1.24265 -5.88062 -11.946 4
10.4516 -24.6471 6.49521 -7.23819 -9.76986 -9.65437 15.7468 -2.40411 -2.84355 -2.00828 10.5402 7.84774 1.68933 -0.3173 2.22137 12.8329 -8.48128 5.39214 -1.84528 -7.29235 4
2.39388 -19.4888 5.82771 -6.23852 -4.48538 -7.11139 7.27334 -3.73363 5.60257 -5.12058 8.62389 4.75163 -18.0422 -6.57067 -1.67173 13.0335 -2.5543 12.2151 6.37615 -8.66046 4
-9.71475 -0.691172 3.02776 -7.48134 -5.11456 -12.3781 10.2005 -5.76915 -14.7319 -7.10509 9.09367 6.60258 -8.01839 -5.06454 0.62106 11.3708 2.81938 7.98018 13.9829 -1.80161 4
7.94559 -4.47637 4.40614 -1.95173 -0.451777 -8.48821 4.78246 -9.76075 -7.1008 -2.65387 13.6755 9.79076 4.86226 4.86404 -1.02236 7.81769 6.82455 2.49939 8.05094 0.0751267 4
-6.05731 -2.01008 -5.96758 -10.1985 -12.0272 -8.99817 -2.51869 -4.796 3.54086 -1.2238 8.60499 8.93136 6.31334 5.75836 -0.24244 3.26107 1.28136 6.23996 5.01029 -4.35106 4
2.76808 -4.92009 2.35026 1.14541 -9.48644 -6.2038 -1.51884 -9.94993 -6.84745 -5.97856 11.9782 5.21544 10.8123 -4.12483 0.251574 11.8376 1.69504 7.21051 4.80835 -2.30283 4
2.83947 -12.08 2.93334 -2.72302 -3.35685 -7.17763 12.4432 -7.91053 -10.2535 -0.418007 11.8432 8.65032 -17.2417 -3.30219 -2.47077 3.48002 -3.06232 6.00615 2.23667 -2.04189 4
16.2519 1.36475 3.71297 -15.9603 -4.28345 -10.654 11.2646 -20.1091 1.89855 -6.52646 3.96662 11.6886 16.9605 7.86111 -1.93402 8.01226 -4.81503 4.1275 -7.55928 -6.30461 4
-4.77878 -7.86057 4.41869 -13.0884 -1.20249 -12.709 8.43287 -6.46456 1.63965 -1.16919 8.55578 9.34905 -12.435 3.62915 0.0768979 7.9572 -11.6961 10.273 -2.12868 -7.00684 4
12.6391 1.19368 -6.79637 -2.61905 -9.76617 -10.8861 -2.59786 -7.95179 -0.677846 -5.74143 10.0644 4.77417 -4.88986 -1.23091 4.26405 11.135 -6.22341 11.401 11.8255 -5.98489 4
8.17151 -5.12501 -0.368467 -0.865209 -5.56656 -9.38421 2.8753 -9.08041 -2.83243 2.69746 13.1095 6.51592 -7.1226 -8.76745 1.25925 -0.18851 -2.16808 7.03738 18.838 -4.56208 4
-3.82395 6.56567 4.1338 7.87824 -12.3134 -9.60246 -5.67554 -13.9716 -12.108 -2.36603 11.2063 10.3429 -4.91658 2.826 5.75381 7.74591 0.472983 12.063 0.570879 -6.43927 4
-3.60717 -8.52697 10.6159 -16.1966 -11.7591 -9.2243 9.80775 -10.3048 4.34708 -3.98021 11.3617 8.62906 12.5028 -6.37835 -2.57155 7.91538 8.34046 10.7623 0.142232 -5.81249 4
2.08635 -13.6563 -0.62114 -15.7499 -5.54273 -9.92728 4.86086 -6.64708 -9.13983 -0.868609 10.0805 9.99257 6.81056 10.2651 -3.00647 10.43 -7.13692 5.48206 10.6739 -6.39244 4
5.7219 -6.55067 1.54355 -7.50685 -6.32375 -9.09926 -5.58125 -6.49093 -11.9779 -13.0044 10.2154 7.46527 2.77918 -6.36728 -2.08917 11.725 1.75191 12.8042 -0.344756 -6.49536 4
8.38397 0.473951 8.14551 -3.46115 -7.62338 -9.81897 -11.7015 -2.52551 -0.528217 -8.06119 9.73322 10.1487 -19.3887 9.38555 -0.606806 8.4426 -0.728282 8.13212 4.99074 -10.9933 4
5.26409 -1.86628 6.06884 -16.5112 -7.95405 -9.05495 -0.131179 -8.93704 -5.36434 -1.41867 12.3386 4.70012 -11.1751 7.61824 0.39129 9.33625 -8.32006 8.93612 2.39913 -3.31279 4
7.5455 -3.07209 5.92169 -3.58965 -5.60013 -8.37042 12.6981 -9.40927 -0.312515 -5.52163 8.21036 9.3141 -8.2928 -10.0465 -1.15549 3.78533 -9.4808 7.38447 6.47833 -6.32888 4
-3.93663 24.2731 2.98006 -6.38454 -9.6471 -13.9987 8.5685 -11.6506 -1.12758 -4.84891 9.79992 2.00071 -7.82806 -10.2472 -4.46945 3.31587 -16.1675 2.33442 -2.19314 -5.71867 4
5.09504 3.27514 4.80605 5.03734 -13.1828 -9.92871 7.86364 -0.978599 -8.63139 -7.81531 9.21655 8.89805 9.07741 1.07666 1.54612 6.32054 14.9477 8.56918 -0.0500382 -14.6789 4
12.8398 -3.55044 3.67221 -9.44543 -8.1377 -9.39673 6.82222 0.725102 3.89894 -6.13702 10.7876 10.1254 -0.500733 0.390408 -3.46837 7.15089 2.32302 1.87189 -1.66597 -8.74711 4
-0.437852 4.79717 4.83033 5.27994 -6.44487 -11.2508 -2.72401 -5.08528 -7.5551 -3.61351 7.88894 5.63281 29.8616 14.5799 -0.262998 11.5012 -5.74512 2.88023 -8.42036 -6.63539 4
6.42978 -3.42048 3.85674 -14.3519 -11.6399 -9.91706 11.5819 -17.4746 -3.26565 -4.47073 7.69479 11.5167 12.8663 -4.33859 1.98082 14.6843 -24.8178 9.38002 6.74161 -4.9386 4
4.21037 -2.8467 0.304328 -11.0118 -6.17948 -5.46472 2.02961 -16.2568 0.162172 -3.51721 7.50908 9.87008 2.56705 -6.89927 -1.773 9.49788 -7.9119 9.28853 -7.31746 -4.21631 4
9.30154 -2.85059 0.467511 -5.65664 -4.26988 -12.6937 5.44462 -13.3759 7.04856 -3.18103 9.72327 10.7277 -5.33981 -0.983765 0.321294 10.3354 -2.736 9.85929 2.56057 -6.59553 4
-8.94133 4.27151 10.0099 -8.24808 -3.61263 -9.9748 9.89983 -10.962 -10.8855 -8.21652 11.8876 7.61473 2.03853 -20.5469 3.08139 10.7515 15.9844 5.13876 -7.18642 -3.57261 4
8.24863 -13.1178 3.28289 -12.4326 -7.10575 -7.55461 2.46234 -2.54593 -10.9979 -5.14578 11.7978 8.08192 -1.79818 7.52855 -1.89346 19.9002 -5.97465 2.17334 -9.12742 -5.87936 4
2.7078 -11.6893 1.40449 -16.6626 -8.98146 -9.32322 -0.827414 -6.11952 -6.97085 -1.15836 4.72708 8.31644 6.26175 -4.27427 1.1165 5.36235 -12.9579 1.56538 6.71933 -7.93256 4
3.28998 -1.79887 1.58803 -6.55619 -8.32375 -11.7221 3.8568 -4.5917 -1.50355 -1.22107 8.53872 10.2963 -9.58295 -5.58 -1.25948 3.1963 -5.50622 4.8284 -3.26931 -13.2118 4
3.14205 3.09428 2.75487 -4.60505 -7.98396 -5.72008 10.8 -8.82106 -4.6216 -4.71428 9.47911 10.6258 -4.88966 4.96655 3.89331 6.2272 0.502605 -1.00793 -4.39849 -9.8736 4
17.4374 -4.87953 6.54889 -8.2444 -6.65133 -9.13745 4.43495 -5.93784 -11.6859 -4.68409 5.75259 6.3686 3.45766 3.7122 -2.71016 9.23262 8.77586 2.70286 -3.23477 -8.51166 4
5.44068 -2.39788 5.74083 -7.01474 -13.2866 -13.2992 8.35201 1.94637 -3.36357 -4.64815 10.1536 8.34928 -12.4584 -12.7896 1.67306 7.22713 -3.70041 7.57415 4.48862 -9.06901 4
2.35394 -5.95105 4.40712 5.25608 -14.9577 -11.7079 7.27575 -5.43937 3.38584 -2.12099 9.87133 6.58614 2.54537 10.628 4.31823 5.08562 0.393459 11.7898 -2.87026 -4.03358 4
7.31602 -10.2416 0.545258 -11.4237 -8.0657 -9.68405 7.77623 -5.89875 0.729469 -8.11718 13.5984 9.16366 -6.34897 3.41899 -0.761044 13.7312 7.49495 2.86204 -17.8501 -7.35293 4
14.4292 10.1168 3.06935 -6.15937 -7.92576 -14.5954 10.2342 -3.07215 -2.80276 -3.18622 9.42179 3.91055 0.215605 1.59807 1.80323 14.2658 -10.1653 8.07677 3.41055 -5.80031 4
22.3861 -29.1333 5.09124 -18.1319 -0.911215 -10.357 0.402953 -4.47881 7.38799 -5.25341 4.20722 8.12027 -8.54844 -9.5029 -3.87473 3.8178 15.9479 0.961704 8.62721 -5.94223 4
14.6415 -15.8834 5.27643 -9.42004 -8.22031 -9.7434 0.520995 -9.88987 3.27023 -9.26522 10.4418 4.21525 -13.5581 8.89783 -2.89897 5.6918 15.1637 4.93755 8.17222 -0.786737 4
-6.06452 -3.57089 4.42794 -7.51999 -0.535707 -7.97672 1.00316 -6.43046 -1.70056 -0.955908 9.51664 6.99121 0.85111 -16.6147 6.58552 5.58471 -10.3135 6.52369 -7.14875 -9.83264 4
5.18494 7.29443 2.34053 4.83357 -13.5998 -8.69501 5.04961 -20.2249 -3.57761 -0.616623 6.06112 9.57406 -11.8566 -3.5479 4.52347 7.41194 12.8899 6.43151 5.66772 -6.6368 4
6.33597 10.6696 13.1669 -7.41957 -10.2695 -4.88752 2.41363 -16.9052 -24.7313 -2.41316 6.42675 9.39914 -4.46197 -7.34453 2.76832 4.30452 -15.3928 5.33073 4.06012 -8.52691 4
15.1614 -7.0307 8.2157 -16.6036 -3.84116 -11.3454 0.345079 -16.068 -6.13493 0.344325 14.2677 9.34825 9.34956 4.69948 -1.22833 8.8045 0.125677 2.86151 3.18733 -4.53501 4
9.37431 -13.8772 6.23687 -1.80365 -7.50589 -9.09204 -2.84735 -12.6265 -2.06685 -5.65193 9.05574 6.22739 -0.532022 0.873515 -2.32873 2.10408 -8.8948 -0.964586 7.54442 -9.0562 4
2.70359 -7.97737 5.07119 -6.75623 -3.10185 -11.2185 6.24325 -12.3773 -18.5342 -9.66659 9.79795 5.66655 0.348344 -10.5518 6.82462 9.44625 3.38069 9.59117 10.6703 -4.36562 4
7.53732 6.63442 2.41266 -13.3899 -3.7221 -12.992 14.6552 -12.1663 -2.00588 -7.15883 10.6627 7.36387 12.7338 -2.90982 0.541983 9.13463 -10.9493 8.49717 7.79188 -4.51652 4
11.904 -12.7512 2.29478 0.920799 -3.94579 -8.20805 -0.644427 -6.2181 -7.75205 0.250435 12.2184 5.95241 -20.3271 6.27811 -3.37349 5.9488 12.2529 3.11832 -2.51913 -7.38825 4
11.8933 -1.45834 9.86557 -5.12563 1.25043 -10.2434 11.7729 -2.36205 -5.77709 -4.48588 6.91989 7.56724 20.7412 11.8801 1.5321 8.60725 5.72768 7.28044 -0.596098 -10.5698 4
-0.150636 0.279146 6.06355 -9.27009 -7.54842 -9.5355 12.9841 -3.25617 -9.11678 -2.6022 11.8799 6.26237 6.21527 -6.43952 3.0435 8.59605 4.13476 10.0103 5.81647 -3.95945 4
-0.422686 -11.4557 2.50417 -8.48277 -8.82347 -12.7877 3.46674 -7.57744 3.82349 -4.9848 8.38221 11.7462 1.07798 -19.1251 4.32881 5.76363 2.18828 -1.83251 5.03887 -6.09763 4
9.07636 -1.88623 2.61853 -10.6845 -5.26278 -10.8859 14.711 -0.276041 -10.8897 -2.17766 5.60143 7.87694 -8.56115 12.2213 -3.28695 3.70153 0.738645 7.81448 -1.3595 -7.06244 4
3.88646 -16.9778 0.91815 -17.5672 -3.35161 -15.3398 5.15458 -13.9319 -4.46258 -3.57271 10.424 11.5 4.05288 17.7104 1.14663 1.96728 -2.38271 4.56299 12.6907 -10.39 4
5.75348 -10.9262 -4.44494 -4.55506 -6.42367 -12.0742 3.92392 -5.55523 -2.87822 -2.04179 10.102 8.57239 13.4792 -7.99458 -1.50447 10.3248 -5.67775 9.86294 4.74571 -8.16939 4
20.3922 13.5642 0.70445 -4.08604 -12.8447 -12.4955 -0.612236 -5.01482 -7.49471 -5.60115 6.64594 8.38098 -25.5475 2.48377 2.01668 3.27414 2.89057 4.27972 -3.36146 -8.42713 4
-8.59825 7.68125 5.92504 8.74584 -6.88688 -9.76904 8.17038 -21.6435 4.91491 -7.72782 10.7232 5.13492 -3.08029 -11.6362 1.61744 7.55813 -4.60033 1.90886 4.04271 -12.7954 4
13.3095 -9.37419 1.7594 -10.4159 -14.5074 -8.04165 9.24613 -3.70993 -4.306 -4.43908 8.17814 10.4353 -5.07773 -0.28141 3.68541 12.2528 1.54377 1.0269 1.68403 -4.59142 4
8.465 5.13486 6.43013 8.44459 -12.2805 -9.83735 3.18791 -7.27144 -4.57047 -8.25775 12.5151 3.55307 9.15187 5.49491 4.41632 9.35525 6.15895 7.09149 4.98904 -8.77387 4
8.85737 -0.504212 14.0032 -18.8193 -4.18172 -10.7484 18.022 -14.762 -13.229 2.02373 14.0707 9.66334 4.64425 5.00071 4.06418 11.357 -14.7359 2.88407 11.5324 -3.94868 4
7.11829 -12.3567 4.24571 -10.1628 -6.52901 -5.62008 0.723055 -2.3933 -0.264263 -1.69265 10.9382 4.2414 -0.245744 -2.74006 -8.43973 8.11911 -18.5969 2.99508 2.68702 -3.5961 4
10.2784 -12.2661 5.35809 3.24878 -12.8519 -8.37979 5.64391 -9.00037 7.08583 -2.00804 9.75812 8.27839 -15.5192 -12.2414 -0.865503 10.0902 -8.28463 9.02349 7.08323 -8.19124 4
11.2048 0.351358 5.80507 -21.5909 -7.37376 -12.7502 2.08627 -9.98213 3.47292 -3.74165 12.034 9.81434 1.09382 -1.3906 3.2932 6.15646 -1.75689 5.56148 6.64134 -9.70807 4
7.24079 -15.5463 2.62369 -15.4232 -6.12382 -9.41614 8.75315 -0.995351 -13.3481 -3.14452 7.0829 7.73319 -10.0094 -1.69247 2.64693 10.968 8.39123 9.19471 -5.76505 -13.557 4
18.0965 4.88973 1.02791 -11.3683 -6.73455 -7.64404 15.0569 -15.6514 -4.32437 0.442855 8.93404 8.48127 5.37499 2.71668 2.04501 5.66372 -15.1454 4.69586 6.31418 -6.11509 4
-2.19298 -9.41131 3.76551 -9.6124 -10.3152 -7.35915 9.44328 -13.5619 -6.75374 -5.28815 9.00847 8.95953 11.2808 -0.558738 -1.38493 12.617 8.91569 -0.874691 3.66545 -6.95214 4
-3.90839 -9.57067 3.45153 -15.779 -7.77934 -11.6059 1.92785 -14.3882 9.59238 -6.01454 9.92377 6.28038 20.7167 -0.172177 2.92462 13.5099 -12.3857 7.76891 8.54745 -7.51042 4
